1000
653003597 613814249 836609834 353832753 2
785817164 960290256 402906214 360091345 2
923433784 234848460 896418311 451938354 2
459240101 682738171 648350069 94825473 9
488957161 447858363 920855915 532029933 3
357220734 445661068 692932110 149173908 4
398916808 5444692 151198050 170794127 3
494770644 927936249 617435357 767780965 2
3311634 182509071 923089359 241005827 9
522541555 931823178 921322640 618694468 5
639430237 463738010 999998572 226727948 8
50591212 501408725 2885833 423331198 9
423160696 382528720 223697974 328676445 9
635849403 132962388 53140796 570084747 6
538039861 618660242 490068440 61967223 6
656848840 21175324 399759699 163610105 5
769309491 47099153 22741039 384397541 1
929781729 748511488 341001522 330862039 5
884243064 208134025 832627581 479318722 1
882449538 645730797 618947492 382914695 1
335557072 202722089 851239969 165708271 7
385991705 94298421 202538622 238847680 4
649294508 470885613 570248410 399422381 9
864499901 237740193 24744685 688410582 4
974902745 291744781 124090327 716698413 9
195063250 776889797 998525164 343381365 8
103094717 697480441 275684149 408357044 8
865374374 673207844 373585308 11822846 8
36108764 709740312 754073984 656903856 3
445569389 214230767 1911638 569753210 4
117936564 358139643 918800890 567459188 4
504254774 822618698 916643038 110180106 3
630672228 209534554 254316435 421388964 9
669539612 996448988 717786465 95602168 3
635003569 292007840 872771375 224912176 7
366269100 124883082 283181117 569928891 2
891649614 766974547 270721853 762828999 10
688792927 241081259 620726300 212829327 3
996486415 533916461 16604568 118466810 10
697631641 437807954 334846020 200634852 8
402773136 540772618 742685499 422816642 5
727032908 969728463 57272600 217331878 4
79504916 390453121 774296395 87905607 8
113112717 904997419 20531025 155405041 9
175243661 564867780 217975412 564775698 7
847103707 693951293 124856228 971981139 2
252040220 148766002 182686755 821805754 1
981089977 292693382 926242326 522460783 2
300874245 960074504 129794610 692031399 2
938756625 599996754 581729315 264646943 10
392837889 309489923 431380596 713309980 4
813528000 460621113 628618350 101908339 2
954680662 83534900 311789488 504053617 5
48702301 668955464 371032004 757105944 7
55977308 29343433 363055639 814304113 3
979638328 427467860 217769666 938356708 2
13111797 801160024 672678107 454492097 10
762291275 352697177 730978798 800467231 8
796702628 476796187 778809172 891755929 9
267397623 731077207 361026359 465673388 9
177541088 713792951 370060778 339608744 9
115177877 562944302 817301022 345516413 6
114271362 776215653 72647078 636804348 8
108465564 969999478 980581081 162766347 7
581733091 615729028 739945620 296934333 1
466187502 316922123 463928377 345373034 9
530467851 415689141 822889300 815718932 3
813870781 341576525 302084922 894384057 1
339215683 167156909 415153436 756635294 2
990142317 986448044 472780412 127560953 2
331570654 705882748 207862455 351670673 3
717298402 184818899 351991278 973295257 9
137653188 873687855 253965292 245119159 7
104544234 916579122 375477576 827520475 7
930405717 588125506 374984659 258125871 6
921163448 483987016 680317623 402969009 3
870618096 499880601 27878427 18280874 4
697386187 593896913 811690519 948023215 2
245092790 600673333 191241828 645111333 6
452960197 904590135 846533349 649694463 4
175738001 322934504 875172093 300170260 9
483344658 10470608 86058655 145799407 3
744626462 612778599 837485850 370214364 10
870195531 626064542 503001915 992659296 3
992910953 601692510 100895588 398058980 10
805235031 534940069 934625492 384178528 10
612026655 572834617 249243052 578096254 6
922184184 1869697 775782431 561545454 2
695159709 412208635 677877153 721924176 4
915928384 280935619 99723806 298917413 2
648916724 297037323 757332047 790633543 10
407399387 470285735 420263484 125318067 5
106637847 565700547 804992761 173074026 10
22138548 541358122 724267941 39888189 5
638711081 940478801 228250627 759259488 1
483756218 932537545 373022167 673094840 6
669243434 358092908 606340013 940939060 6
436397221 487954486 299532660 199266641 9
626730170 615617379 145684828 37495278 7
990652792 109551528 319862392 785890703 8
214521114 214240607 62690799 115395603 1
856940398 596338179 816889367 528181203 8
841091151 936739527 623127095 180523373 4
954861704 287772018 987858678 122426083 8
987750239 129910406 290104697 357216173 3
77241087 818380072 555376553 132308331 1
510567567 939479354 208006557 452974267 5
302741321 99010407 153842068 28490284 10
459901811 232837749 298147263 750275092 7
692398840 843987903 459968838 493707085 7
934234996 703837898 618664694 146998408 8
892128085 462640799 893771441 213497346 2
687045222 809200064 503857861 935018960 4
131080294 843455179 507365143 232488543 6
79213994 471267345 387572075 736967307 5
322944446 496256174 811981948 905044664 6
800133109 173003892 225237036 488763147 7
407366157 136264972 705502914 577597408 10
932662267 615265787 856108731 850443654 5
820540547 322319803 357939633 270035447 7
164150278 15816429 326115039 261504929 10
488814622 80751783 998140648 627854331 1
926984379 604501240 887054824 124237804 1
893867522 636388515 205509984 127810559 1
193930202 891491250 300082923 681666777 8
585630463 687631908 304646696 430278953 10
682456894 780330684 545230055 205831475 10
555100152 751883794 575325690 877009512 7
94631092 538451553 532161015 859378901 4
311107040 742869193 595238001 753495210 7
763199449 657178760 909132594 86211801 6
95215540 892144836 272847895 734536078 4
900270373 221445435 850528547 548851506 9
569193295 304708308 71419136 775410966 4
603250300 144592456 66373555 325712414 1
583630053 545941139 321533632 920897011 10
728726866 57750007 184142004 607452202 2
300436951 807539916 281881689 279609779 8
164486073 144765462 144637219 159972472 4
281999988 906011390 36376393 736561667 5
245317351 573680573 301101498 26189558 4
134032053 883163864 240059761 922050654 6
258311881 547285897 593176044 284609357 6
294184925 134181497 732215617 611417890 2
480696129 368483726 289793645 378669291 6
762585899 355495151 128622876 535737538 9
223816297 681957089 724658992 448176012 10
153249671 836063359 219979398 589859771 2
648070966 149592209 288695441 180519848 10
592631557 569231309 630091491 654907458 2
969376023 358204805 525718026 979516317 9
37894650 811052065 338596072 273295750 1
548845303 412704824 59853455 400988884 2
223348696 481926047 725311891 176969640 2
509481080 349737554 518169370 744486138 10
973592187 43668964 105416732 408894482 10
318592628 594573458 397091645 509204156 10
609694393 834339713 88979896 366366661 1
463070739 979854141 815662283 713312825 1
552892798 409645964 174955877 581432888 6
115337926 920149266 496700539 678716676 4
132090247 515986884 877349106 625384082 4
353842608 813176819 223916131 541261741 2
212411570 166420115 669550844 693051688 10
434022833 307652053 292055100 988029622 4
555813741 918638134 89326598 205006367 3
631558478 665465101 412598910 431352477 1
268460079 59193148 988689207 146511229 4
515080257 621493911 602095229 975403694 6
60292123 685596067 425456044 982662980 1
95206293 711483611 508514592 371495618 1
797547404 296192827 389512006 201190809 4
440439480 910001489 896306021 986088148 6
910251036 712765496 329006364 211975729 7
860295805 50673041 294531864 838524675 1
233685709 499771569 836667257 934443343 6
297422710 313461985 123539460 621205965 5
948450159 798455621 539798790 189287285 9
458474496 463285287 484957707 466106732 7
951562065 873722453 226065473 681111384 9
333432560 587555105 781195233 204658652 1
819443009 922245156 53379862 109846047 9
444442618 663809095 401645948 357297421 2
495507976 801774036 940256825 296034312 9
807063684 157759625 108059444 240912753 7
115815487 878150922 85744759 613623791 5
414044278 400492780 588324433 568079700 10
403212389 596012256 808226547 355274363 5
328482388 421267793 557906280 956297032 6
420371680 98520171 814268457 892546989 3
905445226 273182642 729282997 146177727 10
46976830 574447015 180713710 858763327 8
736948602 47859377 746321456 246328565 5
353933849 631599694 357457966 657197032 9
613244534 922966298 875614963 302926237 7
439019367 824196429 259072235 783795113 8
433144839 681946061 965593348 206699015 5
672258896 743370955 230919143 964021364 2
520571030 117500575 984386719 755665634 9
64805733 614390190 877995950 816439104 7
993140021 332323165 190844871 814072750 4
794176199 790711297 464912236 81834582 9
90858160 839226109 429253890 427907559 7
922387232 998042252 627447337 62317617 9
550575320 28685417 207121611 933231082 6
589987898 180479717 503876360 873437482 10
78355617 626945553 370322852 920816194 2
594412854 534513183 663055499 825013447 7
401635711 278924899 624867137 988738240 5
274835429 781462781 634783090 144295184 5
429925838 852224288 321398604 493520190 1
899082103 171253376 549353243 566348868 1
727612613 297930541 203619606 684937598 7
56029351 763149082 174201949 149703654 7
519538663 580069009 31711631 699114061 4
5989115 105951796 532942846 795535017 8
470643868 150341025 557865426 963113621 5
132248212 890793286 915688069 777652863 2
554369892 618606164 449703093 357318605 1
25444648 940016137 861220658 80562110 6
423548315 731570030 569611458 439987595 1
500480819 979518925 669590734 830841461 7
196886499 69336643 960607809 319078217 4
494708178 865667235 672743556 482675418 7
720778102 187784391 199306785 414548881 1
831870879 680701595 619740302 407612612 2
11391722 145039494 248807026 231134145 4
408359066 668390578 834965130 793986462 5
993929487 50497657 396568399 416981328 7
437405264 619182322 553307035 394122238 8
932561211 420331776 471977241 79437453 7
378181972 736285552 212841857 540937232 4
624663968 424298008 556202495 109627059 10
523824839 658475402 335307797 388061378 1
655015213 143628264 963052900 1428202 4
544457796 273051907 633644556 243183436 9
474907417 937525534 189671115 207783977 7
754570849 812325964 65304221 679130834 8
51652422 817554501 704628848 888583038 3
388670251 662239219 38016750 356821330 10
716277714 318743100 738636710 913056544 1
105789840 606636598 737211229 267474644 8
103495838 724459719 210011400 67016191 7
621763993 600524147 324282040 69937867 6
574118710 725632622 833091255 327245165 4
504201014 843747291 891376312 414837642 5
320760476 469255501 867897029 240392313 4
391042978 482673348 865407293 262961416 5
272002527 18520814 78751561 155748618 10
471060577 57310621 676191089 991156874 6
532449960 7850734 777282810 691689123 10
462591035 17595831 598354478 813296063 10
892626293 44400140 311153193 316279385 9
290465630 681923283 815100061 432409527 10
366120229 225259102 333164232 5556540 7
867511384 99478756 899770040 559127978 9
121490256 531298514 727030927 6331402 3
547646708 678543992 492962140 937747547 8
106759093 150248872 977752181 573538594 9
663218093 269803233 571198168 376322604 9
732137922 972460783 783266703 295686054 8
214050050 627669264 234952586 813740986 1
156445358 206668073 381801950 577936373 2
357966169 96751691 995292509 590355314 2
466209156 451676961 556143731 927786494 6
24588843 880090896 645270518 688986789 5
969627873 127629168 133026457 588679468 3
849886193 336011469 751205443 986834790 4
522568589 746469808 819379685 270103382 1
695305132 765170022 698397810 197881409 5
96176904 403148627 583783176 676748614 8
796823098 347454336 271984153 73223445 2
129760781 636293877 248508000 556506278 3
282506528 315324805 625698805 123441475 1
686781614 193744973 248698928 486934972 2
106212052 327000761 731448877 141085591 2
124582957 478742082 35899652 103189379 2
509140249 954220287 714082056 876738790 10
425929402 796820829 781281487 254924220 4
533038224 209704012 358267857 321419644 7
651359834 252432553 589520431 610461139 4
32646192 669146774 446088615 494061150 3
82597486 223575053 685520881 236340471 7
665481961 102016848 582200584 716117938 1
417495905 861756285 500775617 321311275 9
845535480 335405988 337438880 288948667 1
480841947 384376646 429666454 255716462 6
963908066 540605705 882488337 556402069 1
980746040 939392767 579126487 829854229 4
152849664 180370488 33721111 991488194 3
104017312 473268658 523657322 528825145 5
943115597 949104848 539558112 414673778 4
475639727 275742411 75346210 224439542 6
688407280 90058690 402624360 496163078 7
886450581 695319804 151727956 738816772 5
970788329 238476690 725445780 134179751 10
219367290 226278409 453307745 964942188 8
352166939 748687267 428398386 949779021 7
114371134 275789598 956131470 279010363 9
472506456 616955307 518772515 783545155 7
179141379 725069906 380864065 448918500 4
148036175 652875567 482459252 739636604 1
453779043 952272920 117065924 410891807 2
474729712 597255014 768605881 289530741 6
532155986 711071649 171337282 512868087 2
280375688 213957549 936223459 620549838 5
806727815 775293801 113981256 278681365 2
470405375 266718990 148786964 392268282 4
145310617 436680736 971453343 438130114 6
939755821 526577269 486042731 669292793 4
17371598 118592966 361417556 930323936 6
968356806 333806942 646973512 544121722 1
541283314 547426632 650073052 670742459 8
129560943 400564402 330611932 421382141 9
729046708 358060508 660488438 991098618 8
504001687 963589387 230064537 54093375 9
171899334 741745503 676679239 604260287 7
849742810 156211711 283170364 128140775 2
372053214 283601744 899256255 418858614 7
561423604 5620195 362426552 491450903 7
73701626 264884459 999589644 345983705 4
781264204 129656060 273606666 904432701 2
320941583 568464331 475402990 830732014 7
106268001 395290710 279569993 543423627 8
164222787 10246655 926148898 331692281 7
260703111 647151449 628540405 679627272 9
884532200 510812119 653750754 659391750 1
228383449 687486241 386603240 751888504 3
173580641 317279646 546879014 432594597 6
992610229 835374600 975811390 548243821 1
258593146 421052260 470561796 56652594 6
405187321 812153518 651200750 297139083 2
720435310 378855665 416327079 989506403 1
574805985 194822967 756290705 518472981 2
487822923 143610460 483263968 916628858 6
184615683 735517410 851988105 288348603 3
72351969 369509122 453349230 805258665 1
825232471 933504113 541061154 659113696 1
180136985 508819100 61187011 86138053 8
570186138 23223710 789006626 576638705 2
5730968 770055700 303773905 359683137 1
893851898 907681160 603255304 494389083 8
457862884 114530797 265921936 267400002 10
319167638 823295944 580187964 838973835 7
618112545 251453388 620988605 5900164 2
890646117 125581847 404117703 906390770 5
361837107 278874405 440225721 946650251 10
278472899 509312749 850186839 848730180 10
467259761 313070667 722978119 515738083 3
326605698 828739895 674526421 705931301 5
652042573 264622822 987400747 278220783 1
383320060 546738518 977302510 909797911 4
442078631 456198666 332783743 828947264 9
533564529 787938332 809702576 658775935 8
132541932 131683588 356573037 886556004 3
358079228 228538704 148677220 231484289 3
715887774 965648969 409436091 2071932 5
158029437 477457316 122960788 640482574 9
3685458 706531041 281615085 760999712 8
148905874 410767091 755615244 853799348 10
854060542 763044058 196092231 240781040 2
622398967 852924816 239578421 738922923 7
830152446 744422631 582782536 463895722 5
735949017 424136685 185970574 279484903 1
377282746 686337839 261895569 991071386 9
886108078 185012119 957837248 318807068 3
496492966 537941447 732257059 886680608 7
384045929 273278281 13248949 744873263 1
833580305 18427437 982392370 175111112 2
969593528 489099009 832244414 313540270 6
847992658 327440114 328311884 229084997 7
593456206 747450435 605172515 159159671 9
690896414 315715863 56896628 529205495 2
160987573 443803397 507169813 981907173 3
910428411 662588489 406443337 674426421 8
99249491 704053728 516000806 640158729 8
501915675 993413317 148073536 745526619 7
877099968 375695360 864586022 4238487 1
95722482 864241507 847660947 167182255 10
169687180 985968231 301889087 118852655 4
8302562 245833573 444263398 654659656 8
82877506 856208104 447115960 323154175 9
545455205 299170764 981900985 84902341 2
259134095 995615958 322147278 859698799 8
739199497 780650364 975303510 839820627 6
983305764 540733647 30022283 126565934 4
764666482 640467779 455686071 610408240 3
137486962 360624761 577546496 102221048 8
332938273 150747826 49489170 332894994 1
27513228 428936041 834119863 509111173 5
541512560 847550550 825042443 713328173 6
940439731 207220513 389674087 77502894 9
727535719 609827425 481066949 178163868 8
355839203 882633130 110497380 788088054 5
495823385 106758752 619158055 824198334 4
779957445 699035291 500332865 437982992 1
160438723 518628105 521931033 99866980 1
316346844 298693428 749933455 256960386 6
74408446 788378023 660202639 238212526 10
813918409 572047995 779693792 258830604 5
208983787 664810734 769300793 872639586 3
879656330 269486731 53191967 241728026 8
923064696 390839332 660789129 901291311 5
994102419 554672011 497441855 67108520 5
542310740 826542511 923989676 916066622 1
932439029 94059092 854290487 385042086 5
28220741 241221324 372615372 855666623 3
744173528 435398341 943881865 473399333 1
995959852 910686819 966044828 578225057 4
304560934 14240927 516337749 430497565 10
92560447 132899708 310807230 133953440 7
703101309 447391182 42312589 408605660 9
105079024 522362071 93540258 914221113 6
186288661 930008467 611816980 507810682 3
435916614 149492234 831341337 995080662 3
632048649 451357906 573253603 624646609 8
893406852 64382727 713583496 926916561 10
895038692 209511171 272270305 260029456 5
629680054 822667047 171288467 111661927 2
458281537 755051653 359779327 259212744 5
685260656 830940277 715976410 564179014 5
713242302 948983907 90978146 727552141 5
329708772 12516980 695688674 720466782 1
92487855 944535816 185966987 492416858 5
203556238 74721377 109461326 502491068 8
886582974 217537908 972466361 970272691 8
727905917 593762595 538574315 116802876 4
141018297 258630257 137631570 901585191 4
632584461 803790359 585670675 831659214 8
563025994 466084137 382291340 977382549 2
32606261 767192726 864119332 33140877 4
569451752 355486517 180232737 963371529 5
31360523 71289316 296721215 179613249 10
659910618 510674889 287938002 43547048 3
49969934 751368046 160040513 673392832 9
432932181 739979478 795810247 709973667 8
978000206 296780179 506617378 171681367 4
453711603 748524554 444626543 829478410 8
724966720 210674714 982552675 245211010 2
900530996 888607143 621242065 6760828 2
665849508 430256369 675000524 954261446 7
695168734 271955270 534762452 148360696 9
323926120 376629153 210001205 425819199 2
231531158 513556052 171395104 399660920 7
362960518 38453594 303535896 863624824 3
79294052 766999037 319481878 939467049 10
381635451 969671269 620155935 399296422 7
285048133 825828270 627792901 744146358 4
217033434 519192323 482037773 330414172 2
537760356 583489796 497651393 415936545 10
98649245 591647216 168567438 957426269 10
4291287 126115248 483677066 550704015 1
641957127 544589953 346343939 413960135 1
755325932 132683634 300929673 369498118 7
265593472 651056975 6618183 661225197 6
344253826 881243483 346257778 514703218 3
113280970 430756461 618096655 282100909 7
223664968 463880101 77578843 709012651 7
730489331 266845860 37291722 966305742 10
246113524 716012166 5286644 863652084 5
68534070 348592128 923339915 382966273 3
922247392 374438731 351800368 626405982 2
311232474 207187030 609900541 221168680 9
862105463 227721536 986030947 59112134 3
958148579 58800321 26205547 770548980 3
1204381 740391861 247852907 110511433 4
699220007 170954156 280484163 439534000 6
839836625 526326034 234518285 44097759 3
744995127 169804766 292614944 930392468 4
153285630 594585194 837454711 396459334 2
202549039 818463900 54692504 547367442 1
215759609 742335351 112623276 588093088 4
890726223 773769266 186353954 702715069 6
63232263 278403094 119004063 221958229 6
705536827 142218095 252415408 197976014 2
271086528 558384012 331456286 788035875 7
1953144 573137001 447791912 301838228 9
332105784 59105280 680454164 415114837 4
981755581 206837561 882824749 892122233 8
90676778 231717417 600652516 348486937 8
115916417 357555073 439659051 327088728 8
228993044 195516702 129266482 732784759 2
115520005 314444682 214914472 735105137 8
179969730 32327453 519539954 406913327 4
220065537 510124605 754159119 807351258 8
622879236 462969830 396900477 206058679 10
779889326 895318113 432020195 401087831 8
314570458 593985238 381626560 710443793 3
222140310 8353476 110181159 134630343 2
917298736 253501976 517526679 733458423 3
328964060 304533638 181969065 882206503 4
672082522 796604074 402639321 579568476 6
671335353 300350669 47214483 529583833 10
696773022 286119217 476955774 671010133 2
242950454 355435083 12676903 378914205 7
379077606 186386041 669486844 977816446 7
372287214 142445137 356083166 789070428 9
832606284 380226226 858589229 443209756 10
688304670 371652228 925799257 900598127 8
361186166 568767298 64499156 778719184 2
605166260 675243233 737268106 147083022 1
69815407 949920717 771887429 141440414 8
183783348 145540025 884514627 291328051 2
800161046 592516340 590236195 893513282 1
332944669 445286378 519206972 432308228 10
7043966 420980528 355096420 434387848 10
970588447 19033295 665196481 60167561 8
785926514 92902175 476188627 540225934 9
983431765 496365987 647328123 767372928 2
61471591 810737700 959471995 497572088 3
663693735 43720908 352843617 304673389 5
277764981 176335175 479357945 334290875 7
641504221 116823426 649955251 624313557 1
137037187 458457186 528575774 562094533 3
16317820 624582259 741444669 194266070 2
920530135 948405913 81787702 319246110 5
416294475 700807577 476381949 779562979 3
839622348 774343201 282542351 498049969 4
818004429 760449030 490950719 313041976 4
346647650 574268098 690733282 781791938 5
788167963 310556696 532377266 501526218 2
572999049 408350665 794141885 903974700 6
552309161 87910959 371033347 16556255 6
365693601 52139226 850663192 14229032 8
771696947 298607267 895624384 919471560 4
71359374 820500727 168046793 284756106 9
686989317 705827555 76782369 728623486 5
696124616 977881186 178128177 389388407 1
850563717 127724825 140222652 529619862 8
516924693 988430107 183819605 123832522 5
819805749 149546424 583423023 765823301 3
65328436 445150545 747794842 461017057 10
723285352 868757447 366015226 326175292 2
282745310 609896325 356091661 545371996 1
885282791 33673775 684518559 655131532 7
364803675 649223145 467863068 22097964 1
334793280 596903611 688861966 344712557 8
146238102 260590048 635991670 438549523 4
891614186 708968185 346384614 898778597 8
562990118 575721959 386800605 291462090 7
612465672 648022116 624683214 856239192 8
714713203 315497142 18048737 993171446 7
981636141 92471480 857457724 570947876 9
662801057 522377868 672842283 761944864 4
301641407 101081160 727556827 723147596 6
228035682 189274783 938423605 711480384 6
935484931 829089783 415115477 154637950 9
914222959 160284989 28145898 595641820 2
909162835 893434110 121925214 703483925 1
66183213 394859784 16241596 324480271 2
44050747 326362735 944470546 935613866 2
737326321 652819369 255877025 534696098 2
796360199 798740721 365599291 93063035 3
73781120 650204695 186675787 511204489 4
689484687 332142178 926542750 932445232 5
637867208 87942857 425832244 410207575 4
756595194 392023751 911003298 544347401 1
119099965 128300692 626615006 202704254 1
423102823 253314342 859508307 353090810 3
322029033 566954467 862034689 846143457 4
157919775 187934592 264552066 940465997 2
849305259 261872163 390171470 436710895 3
89258662 869180023 323094637 791403675 9
734840677 546914118 407785876 851729722 10
659978298 973563174 886516754 824594213 5
747277248 440147073 785122839 485084150 6
645907055 830766077 318471454 241198525 10
11270500 85252832 615332748 497947405 4
468529382 265521101 436253868 697842068 5
287268496 268361611 158135392 788413356 10
172665970 23103421 659841625 88253268 2
513634310 218009268 25050484 828960335 10
149893638 162424787 924229125 830354401 6
673844950 512432419 106818228 731739881 10
18973690 552266371 400396682 409020888 2
624026698 469928047 633792821 572348825 2
10955193 170283316 192678334 241671549 5
128393112 815462510 610247163 547723718 3
578686586 891502402 534078223 701761213 7
554807797 715421878 580554218 535911412 10
888112667 425254677 860883934 526591218 6
297959627 513088127 262477163 966214039 9
910263269 706112314 66526192 618413862 6
625248489 621820476 726652785 548014224 4
974956763 731462934 68197672 776089684 10
564844931 692136831 280148562 643875974 6
231151763 775874400 530691257 495925432 7
433900971 944360629 769421326 219332233 1
487083541 386184875 104070361 644728413 9
2100615 756877967 620359534 677864119 8
382949691 508531906 418140128 949929638 2
524804148 337993874 459411888 501923244 1
215519685 355725143 570614568 629302287 5
194326764 302130280 603879920 400855135 5
930324541 796895731 218434991 975785392 6
983278601 97701527 11660981 88900743 9
957813033 966162979 338133010 617109952 4
585864754 592515597 324544319 666684472 4
858360174 610589466 482098424 120251891 4
519307211 177929179 560247589 155081651 8
290773495 265857972 223989613 587382287 5
83006952 26992387 567761558 203016285 9
686877717 477612710 314941891 261667682 2
828362454 591334220 26161633 613042150 7
344363299 865202514 502773125 202468883 9
290743418 586159791 60620323 552840186 7
755913838 796728597 657114903 362210918 8
337631294 458969647 963545646 452806909 10
123684490 294844833 291851735 482586508 10
958995064 349303470 464979886 218814887 7
560681091 468997128 923753303 588225513 4
54332300 63170054 73723835 531675895 1
88303526 996965689 437080721 9994158 7
732430506 821587999 854550511 244522095 4
146300289 638019154 643983762 338059779 4
506671405 954485000 286982302 447785433 8
372496605 802067654 913505329 517894545 6
29667549 728463382 93390829 211657969 4
83333489 935724819 884241230 970014533 3
953003151 516492408 754609800 898374416 10
919214981 192870530 956337402 5372304 9
855689419 652396608 822850029 826126172 10
372812142 298388956 184344687 2015779 9
563195049 925697444 994920386 539402969 5
179515986 283013753 356853307 535721513 1
650567913 587861246 247780776 475290316 7
539297865 806041103 574340635 684723068 9
478414892 201017953 955856291 386247990 10
76511497 353942543 573851900 984295584 10
875688472 409006610 746923534 97936302 9
483030680 312324516 948297659 395169171 4
956914915 473087741 134951290 687824057 1
345447198 338754087 394981753 432248837 3
359644998 261881893 646440904 28123995 8
925474236 8764739 894579519 447091254 7
549056148 83889635 56827962 927377235 1
580476549 667318010 918805661 893090752 1
100053638 112952049 885636874 234632473 8
235673213 945831059 521272689 945470537 8
873057378 241935355 651498658 379878507 5
330488353 449571953 207755364 568457740 9
928689520 163736983 494578792 19879027 2
183345431 673383625 287382253 9827519 4
302828502 625147640 504537116 573127993 9
73741911 360166703 591394922 330024723 2
551501555 893766520 867947157 935531796 7
841902369 537299412 16058779 680961077 7
25874373 684169276 91032317 780975206 4
61923229 895896134 230629739 556603397 7
346068082 279788969 146663527 614907352 6
35149958 584112059 340914571 839668698 5
357771780 569520502 10234470 23279711 8
864147533 624788655 726242149 533456845 2
16251249 892774876 395363134 176755952 6
291562719 708960412 611530148 911109174 9
515436039 21666318 671123129 241903255 4
652022157 581032480 810418676 660447859 8
217298073 31928725 414358847 79403823 2
690368622 950386950 784435280 50903582 1
370853097 903757201 837986051 239293058 8
604205606 944072690 779266751 232323177 4
392724189 891291842 231995472 852455044 2
130259331 253975157 360315749 657314842 2
272317803 502857136 108850013 490215171 4
416639197 646176410 71394865 438294110 4
239946431 750939537 125396004 100774423 8
476650105 69570603 745224952 271930305 9
603337581 299286605 429853839 57015503 1
74254119 604971517 818284187 491812237 1
778528208 909188386 450235290 51532248 2
699192222 260189307 441601242 950918377 1
22814629 264374753 173255587 93223037 8
548797195 801672972 583247012 843737500 4
550697382 901654479 162569660 399054076 6
245471117 589543897 119415546 922859135 10
902907201 136932097 39482703 426102898 7
761474678 708303314 422587213 809981596 9
611812097 724728417 882460337 312290570 6
616387874 301425781 502476921 881701615 9
948692366 330472976 109329123 340201939 4
234643343 272090989 360107751 108575123 2
760652775 254586054 512414056 599569902 3
271440554 231698052 1317876 194539757 8
14051482 785113185 304220838 712203217 4
423960449 658449357 100790100 31434727 1
109578640 885965154 229617049 226860475 9
637371043 141278227 367708584 437974523 8
430013660 552201197 292611543 931741207 3
196062132 272089979 461753877 889655129 7
872274521 631333600 649307547 164422636 2
529841305 343022433 744282220 223689540 6
956083834 899064916 958303695 725008543 2
928283307 631693726 451299586 156789593 9
21638316 216328268 647494788 949956626 7
212987454 817367355 396607441 817119154 1
293688611 733799606 87197394 665395425 10
414881356 962358756 805267951 398549544 1
190954498 558396197 750233946 283217113 10
689303019 408296357 263561081 220291344 9
482728484 858945204 536776884 752228908 4
584327234 652474874 628825574 193524401 5
703795179 936190348 212311859 399127277 6
428575359 626135713 672103105 99952580 9
931085710 592052173 284968004 121368109 10
381147565 445359386 267296396 900442152 2
419864949 426287693 311698242 142856652 5
157885696 12199499 602970890 227950504 1
957346389 464126110 997167530 541527520 3
41798586 743886252 682347915 434094709 2
483059023 249551121 676298453 414862843 5
501590833 11466870 116911699 965363140 7
650376900 12163272 355261166 72111158 10
861039454 703261428 119203971 640119988 8
293462629 990095326 479763461 591813131 9
886526129 245099727 744659881 304137065 5
319676506 396402605 210847379 640322184 6
508062740 118300176 88104620 476334259 4
517919196 388127394 272043415 305192575 1
419360888 184716984 838887010 267146531 7
132468651 132581970 798429106 892570011 9
735932564 378584082 417775364 187746095 2
846923796 608030836 380971868 850057900 7
542347281 432599581 948638995 277487940 9
241701200 643388911 898068567 547428684 2
948762915 734017974 555704519 263343856 6
127080000 554451253 953860363 698248695 1
307643680 195364884 769195746 565476405 7
989949918 249510470 938151480 863166910 4
480966250 382728860 655569791 89391028 7
260672734 329171208 861384113 231209698 6
384313665 280838832 304622395 570191570 5
855277070 870888847 537615282 867025702 10
793155128 29404732 180396647 113767272 2
985084615 316534213 169365797 406389742 6
382706166 921459516 179320982 919361558 7
150783958 241371279 183068234 999827468 4
738112 726745869 255354529 491098457 4
900254496 172227425 365154925 588414656 3
310921124 404291412 977637604 50024567 8
941332441 742107576 909763027 53463034 2
349519974 246014846 359576985 486063250 3
592457283 833244040 465884392 309090905 9
178079975 851261334 678621919 816699802 4
554224893 399016778 138099651 487398565 1
676268038 431716531 581533096 122110841 3
529127823 231869787 601385196 963282467 4
144628883 190833986 686953297 319723292 8
975703422 969585085 301760308 273999790 6
879066176 580392225 660800175 780760656 8
572243147 856682118 439018080 645076761 8
187840698 945486032 78512868 820281091 10
391182638 105482946 221699098 113367708 6
69574024 197400220 887938645 860032886 6
604864781 693487897 88212405 540225771 2
451127153 783524283 606318863 633306547 2
200668874 964345516 289458490 61363915 7
249209988 272002136 713869085 331647563 9
71637694 49148400 842273285 456160035 9
232580246 425248930 856168273 80635683 10
9356959 535909819 944972726 483542333 9
379322885 614848382 909120366 361293484 5
79570996 216824564 105894556 651089143 4
882277437 826815110 745617320 294352673 10
374649476 616759851 382487374 545175678 7
491014874 898093184 164849480 795855752 6
690080284 313933979 964607807 605971952 10
455995306 694183914 705830985 63224880 7
53274665 735324294 526144705 901787654 10
972826217 914803124 539836025 51428892 9
544164823 492554960 828339114 566413684 10
245852882 544433947 529092014 611366742 1
670786070 960417188 444676949 338890052 2
271538272 871682841 663091141 819773439 6
80748783 314610570 912952738 312363591 1
357756615 588290254 667579737 791640999 5
176628054 281428 658253606 299207048 8
781489982 265163656 974553081 577463689 3
375094083 471011498 99281163 20873705 5
807806106 120420819 559800972 427654482 3
189752160 545998159 132987044 136526235 2
957737473 954562380 452256810 639849452 2
738832480 537466608 803256271 108015910 3
121540484 60033488 379528283 318416916 2
572247113 998247745 46589470 306354860 3
852375560 140802255 769041100 322860642 3
33000296 479497403 465949457 176926609 10
546862102 128544780 619088986 562441097 5
581749121 153997335 882751323 829276356 6
157288029 287115633 125988736 751058462 8
792978894 164571491 52148950 403820362 1
269663967 293737609 414504065 658514607 4
333077875 74892869 389304459 199862901 9
811688018 720067321 135775726 56084318 3
584933169 545582605 3954122 431622475 6
516758592 611289057 425522301 479555526 4
322599084 553616051 984871573 502745457 10
443482491 567874459 291331726 434074482 2
320643040 455250366 386430024 926535605 1
933864904 579519924 851376685 61705613 4
690114569 739428929 68639890 50219012 6
239298937 765262896 484342971 61221706 3
213138707 608802169 646554278 208624508 9
766348018 44882283 978928604 311433939 4
291540636 914724255 150603828 499399553 4
567130905 191320869 351581980 363260453 8
193347577 172852522 179193905 258594037 9
387648051 514897209 93951196 152343143 7
662103668 554036295 542423305 620225138 7
978019203 369968472 696554780 385684665 3
503200565 806282991 618371567 169760655 5
381433215 470318984 572252141 202951241 8
61502980 714602704 285444261 392866275 2
725670236 567676376 54589503 473227534 4
347889296 74612337 263887133 969072668 2
426728582 711866843 815037088 244534184 2
850555989 696178142 774252671 271355892 2
680543267 316813837 723161949 843485891 3
543685310 555169579 453731071 44733994 2
439254828 937687995 321540695 595827872 4
710649192 770854733 948450862 637780804 5
610135573 731438499 883838103 501864787 6
690992637 299824450 359367055 644761852 3
357772943 829988646 336725283 129473429 5
507276142 968936148 768584532 325513514 8
702897042 257676621 875698778 875333274 3
179052778 21386292 395426477 960011864 2
274276647 85120457 944179134 281067887 1
179594969 375889396 819649759 392163512 3
819119138 829460253 184367261 496860725 9
200677103 501940094 568385554 290914838 6
251830578 920744118 139633069 404589666 3
253239727 24956681 874372071 947706332 5
945458822 430681732 627320126 688948505 9
981761396 398344973 553383942 221896369 8
170067281 623554618 776920200 219980686 8
740649189 143122431 933840078 583188363 2
469725750 581636194 721233903 880240180 8
348959297 746758250 38057279 730023117 2
34062824 576937368 933846590 204231819 2
973379384 614516858 55377831 372825188 6
966687430 441174284 499339072 614385805 10
42243969 396081012 810688819 478851489 9
360984013 190028463 464606663 544741946 6
743182622 733232348 900368411 467590502 3
951468596 224061626 939936677 364424810 6
537291281 757633445 321783332 824583272 4
368877324 391671513 488965513 811207490 7
729108020 923202630 914156362 783830651 1
621010509 477093756 876123225 290409469 1
518558744 941691478 679231355 44299118 7
295534468 549439064 327018644 428609824 4
657193899 263298072 574959391 546487282 2
333796889 789003377 371640871 325184978 4
813748312 179801163 361471317 87989325 9
676928714 994805264 439162536 297927433 7
91887607 207483363 250678090 279507271 4
68109815 799842993 788956520 681445813 10
937221299 437909570 566833557 472392362 4
508717730 596178566 716726955 36509548 6
399037298 579644231 918822313 111488662 5
307660016 80138166 302043328 725232808 6
605109276 660065504 866739946 449435357 5
253729161 407088869 218439445 42156898 2
268255298 736588381 509751156 417715217 2
766657952 452438356 239393296 622624631 3
216943619 961422081 13007996 394869581 8
741983067 149768247 277896426 880816228 2
880093249 723977618 316913155 303699075 4
110836378 160662805 212302176 747374226 8
264032021 586365300 534358041 949889439 3
103145850 510618099 747390073 113065857 5
408325925 516044118 747041173 782126914 9
613942502 266701629 997024385 337089435 10
627766712 423149970 397769275 772661146 5
783402972 747725641 711914069 45751749 10
158931088 917572748 438343486 629608475 8
324232509 869374768 780094219 372800463 10
838763427 311777577 415045146 496647538 2
273040826 20424979 932779000 870484866 6
643766399 255842589 982785176 123304167 8
862537076 460360018 938330113 705578403 6
75852608 776238565 252541265 581775284 3
3077702 377311423 225055252 760192737 10
478893185 249818598 884113507 404407215 7
594914819 976467733 408082241 34152381 7
744359338 680491099 459302491 268999111 8
119313554 522310425 424990974 303008975 10
155435002 823419521 479791783 948380476 9
669025711 348494842 882944235 852449614 3
996948931 996816139 496551552 423675782 9
254643819 378715983 124458465 799301771 3
295774656 548868807 924108899 915972907 9
225965807 881660424 866814738 395235658 9
376395315 65374388 80955893 613298570 9
41195866 125769390 548401288 798580287 7
300780028 384352562 104463960 114158066 1
144481734 308907874 30074630 601335895 4
255878591 346187031 492518301 521319456 8
270724883 55043283 43893382 748328538 7
761041816 327797868 711757932 33359574 1
264883916 746088501 668213289 514436628 4
48810115 726977651 801053042 586144101 10
567784603 35687748 893891845 136862925 3
71308221 209742048 855569401 570026933 7
749616578 76610090 194433543 895714398 1
666486239 656360292 508711555 505682621 7
284524089 216106331 510297006 624120923 9
164481404 242306305 35121268 991160495 2
265357836 907715024 813627774 866485771 10
199122472 605749948 928610563 930017815 1
471231805 785359111 45818908 192530767 8
92107724 335862926 777337022 482459239 1
685988238 390943858 494414982 651763442 8
486264544 658042381 145110782 447243257 7
14639755 780340463 38170343 384683698 10
869876047 758336549 414152778 65960997 8
996725477 883954399 14133288 804712368 3
654924820 956036145 909345452 912614959 4
299642809 736682031 180756595 125132887 5
463443217 86008200 92344435 904889545 6
541894219 849193580 722727780 152979992 1
552056683 407830713 414738289 207884469 4
824377512 804779835 757455054 442348268 8
396849016 692204529 100615096 727012924 2
762461145 258207780 365625556 292855749 7
170686949 328232771 416018445 37036740 8
521388594 705586301 274805698 929537303 5
847152784 200117510 260132435 624452642 4
9363949 571342289 807483284 899459901 10
689882423 143539218 57810227 955640442 5
850071331 809975141 872633785 345702829 4
935127241 467809364 609414997 714406749 5
992448651 943770782 242031560 941354756 10
43291204 562622142 224900827 968700611 4
566702340 931192600 154989735 659356571 8
575574579 199689155 34125562 877933834 6
733042611 692047429 851438859 656405757 4
187410361 690266259 132870325 960272246 8
696819900 496361846 418967984 112407415 5
238826612 470324153 15543205 283747113 7
491779410 192084420 925267900 589147191 4
393934341 80290987 242154926 528134617 5
474967063 648077551 419316507 467939083 6
406182097 877279124 855710287 832803086 4
350634377 616227775 11431498 727108893 7
145974020 291188972 719614741 41197310 4
112409756 812580811 72991715 44967815 9
941213644 879222770 246196285 657991911 5
381170155 134837061 813196020 572333101 5
339775740 599580779 68665291 242041871 1
17723470 954367170 181927188 627328476 10
821378418 530543230 123875399 71808877 1
812359169 262300721 411991363 262825518 4
84083425 938186607 353289102 30296746 7
234014285 137390077 955332443 71912106 6
101532919 570949311 274861086 676962209 8
528619336 136838903 227673134 284715363 2
366598888 328839350 292934884 1756529 3
611770871 180377071 586342151 747166787 1
528555277 890058928 484102756 680844004 5
195710255 64020353 119663955 9376164 7
693840102 174906913 832044667 996101865 10
229403169 704066097 257628500 610222465 2
516823534 195520402 740336612 631168054 2
449122355 693806922 81365558 44841738 4
597597433 273171024 408410195 588761667 9
971382214 53263757 736164272 925289045 5
360575013 406055503 704959811 83031719 5
648402705 285733983 829911790 565733144 6
315047573 180875047 131048178 144436892 4
841958616 775103612 242180753 616452132 7
344936538 583047896 336022342 545487244 3
900148191 988169475 951755855 443993509 9
483081254 50575927 49043662 966454012 5
333357666 636873785 298515381 457394679 9
749817779 753589028 435730983 909391713 5
472483310 69182247 178594988 691078118 8
532347701 199242857 657743795 697372144 2
94441874 53430296 788080854 671957667 7
935203938 116505275 705246886 990481862 7
585038017 259347633 640223185 174463688 1
249602205 696306550 160549425 538739847 8
883556568 832509741 525357183 868112069 10
543131065 14900792 52087596 309112014 9
591835605 296400529 591592430 952883245 9
987597218 78818023 665047071 625850452 7
357805629 3972463 612601481 530980495 1
934509371 599980621 862878630 721992606 5
141783323 623814588 358513490 667182976 6
512582023 444773336 359771267 849283580 10
491436486 391905783 615403608 80451446 1
478564160 598093821 109242045 288292401 10
765034721 905481116 120715193 368625753 8
930269522 350101687 163758750 44233683 10
608971668 152859318 469176616 472378117 4
518993347 276074437 920648483 224835980 10
586380172 430498412 911226609 701480542 3
495803582 985651301 746938464 478936151 3
570400438 567401170 87698253 231868065 5
519901163 375975623 800984492 580028185 3
