1000
324389989 258007580 671552303 646872898 10
597454474 166457492 662936234 637055703 3
652768045 127052621 741299057 175221664 7
826923333 859631531 198073252 548338581 10
437158215 3122436 994957719 313016307 5
47775296 267586520 582406351 441494014 6
962403160 548069820 369572021 719609869 4
947087657 191977314 502977301 246732628 5
255112720 484429567 125969083 475516463 9
629346569 234253093 993875096 303809133 10
720110716 534066500 142469234 388364452 7
665643553 985399720 27418549 244211252 4
719762330 147920707 243980932 140052921 10
881841225 216306460 915113440 12795069 7
990546099 268733773 843805164 622006291 3
417056864 619135352 280480293 474836744 6
704468039 735599961 148049089 248931898 3
791494386 680754937 244186339 200157782 3
148232867 523596499 979931294 911245871 3
656522772 281039729 33950005 328862328 4
473673550 19362873 385881641 397733642 3
717040312 566039094 470860821 459188569 9
258373915 632964815 578090526 678408437 1
693728126 563697041 397071969 578545890 6
728105654 728924375 291388690 130712576 6
30131892 108769742 813203404 585053984 6
655156426 970884377 883168660 522434756 2
60277071 953450394 575158647 173171031 4
467982798 470174026 965448472 482862025 7
697167162 334308572 836499545 736903656 4
662126723 157136592 535287362 754141893 5
574175271 520948355 939521955 587309313 4
134251825 472867867 388268685 576711194 6
683974912 731298218 32511166 164736934 10
168974897 11910084 315814295 481685169 3
749628288 113046294 366891272 638763340 5
867442326 926275773 550661070 103384540 10
116279773 252238947 892430161 642968811 7
800984710 841277067 900530882 645488555 4
168814801 698003676 842623379 929185857 4
292528796 122727480 900511038 58905726 7
470566791 396451552 354604901 792277833 9
609445835 670001991 890066145 369322729 5
378058484 693152721 251194541 136327266 10
510493750 957611802 292169398 840839305 3
365912652 150050577 944961291 761298258 3
600753376 763601626 192125939 972131347 6
661969612 11047589 490948510 795593199 4
447204837 806371071 551597203 964528692 9
177410842 615340179 222468564 779358492 8
949734719 725358260 465866514 349972563 1
619462233 715748357 83108334 796689270 2
894056135 690412099 836772038 406445413 8
71845173 569709483 941600305 135643765 6
908021054 5804156 698563167 220377517 8
843904115 160762424 109826988 582084887 3
258965884 27959564 762262534 332094423 1
50267953 280866282 997202563 934734643 8
402163258 509295544 264937032 345218135 2
925594779 605783256 567180307 120635636 1
350663354 527177595 11700903 493577457 7
320598936 652879532 971275793 475592664 10
401029239 427437875 387122332 309854202 4
903065167 154877750 82003798 351966840 9
576154744 493242009 486148949 849247797 5
373496116 234891518 721314881 628984279 2
451959528 541505406 871885162 987213824 5
479448569 116714046 513698945 206032203 4
813328703 309717476 963966320 496011128 1
997289402 329619787 317483610 603116598 6
599726118 756320739 902420170 741289017 9
233116673 943727700 807706519 292199435 8
884359556 124131010 632324752 819719466 10
920710964 272427453 836914367 608171700 8
348773279 561973168 87845180 296000796 7
843166012 792750131 419776732 459247955 5
309128585 220967126 19304088 301347860 6
332267252 616494387 654061116 842967650 10
358673013 796615396 890407660 902240199 3
993172788 887507547 558876703 103669121 7
912209816 976918415 700929461 176532628 10
232376910 110198435 402501784 988779924 3
492184661 503767066 948973094 135756634 9
370409451 582028092 668536951 48429036 4
674739605 740591572 563413012 769521787 7
293996523 97756749 524849662 1715522 2
971497147 512100408 770147111 760266704 7
671006387 480763534 520791345 846716728 9
642570533 8893077 250974775 244678420 2
609565466 5159904 156514501 41871937 1
363991020 667341714 551435494 453382182 1
411864391 294656205 625750564 783920973 10
948253972 475733208 211980697 733466152 7
522700306 392273315 963650423 580203940 8
613575531 343647486 791235075 422801593 1
299012020 142096933 49130436 254659522 9
473809177 452748869 149484505 875833849 10
767709648 160793925 870125939 672072698 10
926706092 634485644 254934696 545590938 5
205744177 697044815 444279108 378834255 2
646520410 136907689 844747994 182059083 2
322017229 704437776 977231311 893984871 8
681809795 877671510 581603543 818546836 6
199342919 997610001 35153176 865878424 3
606796254 515572213 232597510 643240913 6
327915579 973879002 571135522 97643898 6
560824175 829088148 25652496 33118513 10
814801228 293067534 74628057 824883810 8
399864127 202613909 167125845 464212477 4
251287690 43469707 433961943 247368917 5
879478318 52702803 399443826 292181274 9
347696581 201082103 634808349 248506357 4
367865314 446499909 22093202 485351594 4
221113244 477801678 407916605 619568893 7
687819485 131988498 316678271 508930845 5
179785756 14161294 272685276 238738493 3
37735632 943981387 567505140 223881208 7
205072541 860241645 288762360 454367019 10
788868578 801709079 312001689 315464746 3
941038918 253928619 302218732 500153171 2
652499239 685306386 133745065 406367817 2
860972592 770403290 881523627 294046437 4
355378224 654828789 244690606 607247858 6
441026958 998324693 218880987 515051074 4
487005844 292893991 898059270 391000389 9
573460960 911161008 105634919 563262391 4
200585954 981319031 962637557 910993389 7
695116215 840932613 583869133 298522719 8
28986566 959254396 94541234 238802090 5
167865341 756378181 229123462 397949710 8
609683088 249046694 513885570 555418192 6
964302541 439596141 432952245 507704495 6
954477351 341987675 937791216 816814443 1
555862131 416733781 456484717 962694238 9
864709632 486920372 429900710 933670263 6
893237574 634800167 555525072 740970507 7
642263531 537623059 620789419 121974929 7
469266257 734728402 295876677 846646641 5
776365431 453899249 643217428 754750434 5
124044813 568256477 546885394 104938842 2
352458983 155344374 237504399 749730729 1
48930624 772077979 699064091 480413991 5
452916583 443538144 314447240 232091902 3
684073595 212307545 992190290 425019443 7
201521042 103323085 647943264 324305784 3
603560329 976940280 12089168 800483588 1
711528477 279181652 628576444 301742528 7
644147212 374630123 905914695 653365537 2
435621475 751441572 31390709 101231330 9
846257955 959909052 324942997 945957759 2
688524173 835710719 568022979 860263869 4
48094194 731171511 139083872 381135670 10
543738920 635659654 534740822 606542092 8
539903661 911580234 451623670 32519536 10
292279103 289895060 412617651 264896710 9
515132674 692421148 76909315 317848696 5
455611922 87746729 731761962 683845775 8
726277389 767614027 193551220 386767760 1
127428514 112725501 657380577 261353600 3
94363110 317138372 904243013 998064257 4
451796412 290311261 11773483 705899130 1
231329353 997708109 141156060 718679244 1
115812583 10195793 407328032 796654505 6
180512249 686274533 484432654 225128448 10
980318773 860703133 246516659 774317604 2
94703286 74866949 113961279 528783290 9
179756424 468770408 276693417 490814919 3
932388177 89610092 82361257 225899680 10
505262373 705234722 293638253 94826273 6
577784586 891184231 352628646 589984837 1
859433515 723712446 503781086 375018837 7
317481915 765608577 694174552 266185389 3
410795717 549381266 494976146 248473011 9
196478714 953811266 636971420 615513972 5
668323730 475027552 207526921 230237766 8
915507857 230455549 985138383 718171692 9
503606850 165932104 422572947 862311228 8
49901544 749718573 936953317 71134821 7
514409987 735568775 845044984 250973198 3
885052780 488931660 733620478 349719609 10
839368834 951679367 223870750 769060327 1
303694013 985261107 78403322 108012215 1
870574927 948921585 554235474 962948597 10
79383336 462104154 755142748 791574893 3
583945869 371329255 243227121 249833087 8
497965074 99434847 811583123 31599427 4
242120358 300157123 686349617 56110887 1
713735663 779760605 831809459 949293794 5
490197091 216345966 822228158 557086044 6
366860434 846965944 325278575 635399934 3
571522993 171057782 664578436 572546740 10
591605254 621889300 746147014 21888070 5
833061212 311744642 348499168 277396812 6
817857246 501958464 780635221 598950892 7
720326902 533859566 860971993 912480006 9
736473666 557543962 747945987 323113890 3
520988010 558240611 981469560 677904957 9
280038826 541957105 535115547 559874027 4
611490335 43131858 132380084 72372703 10
514678246 952474747 388598503 949814887 6
361796063 20002621 124135856 391315970 10
755518923 81094439 882288515 260840661 1
568591303 961220235 222593515 299087722 7
571479838 61684643 525003181 313414369 5
8159843 874737615 905260908 528212255 2
496995239 344953175 955847222 83873954 6
18975082 16656305 572337128 762333427 3
239265389 49390969 982982100 90430363 8
251544443 692963899 841709484 640064272 4
260458988 597469537 73584000 821487412 7
456970080 602621029 233882189 992473589 8
642916233 671163807 211089679 758676158 9
689846429 535934229 472275339 159787434 8
800333229 928511440 402330346 721369552 2
856155085 849182578 888740168 2488404 9
420653746 959272885 63977259 939903430 7
791122781 658317679 876396074 966864307 7
506311973 585772508 184221590 637338421 4
577860068 764789888 915250133 500758913 10
24082451 806104279 96706029 483717657 9
638033236 692873301 115511998 431037444 5
384437127 168626210 484682543 548864402 6
850186431 77305495 867448351 316376850 8
942378307 213893187 476790353 21771412 6
497242293 226776286 449902969 671322144 9
867955913 206678042 747682372 252032973 5
176465970 912226723 644570604 206509136 9
614840259 806247468 501000630 535547459 6
631570432 333540010 111836539 801237206 5
450334318 432160985 201961250 582885078 3
313528664 78388211 39786748 934418571 4
554312249 191320852 132721669 433293075 7
221501288 650852891 427231737 960086439 5
307650213 804310491 933625297 907923172 10
151370461 133628825 227163666 429037015 5
659030459 284150018 86596318 114405710 8
689936701 228365329 140538035 433233954 7
25374062 701313174 805258161 791261779 7
219778196 500431671 465229321 172231959 5
942754105 11473378 735881188 916719026 9
797353465 376718985 499871797 9185918 5
981547940 945234682 882714535 23747376 8
304261977 575537325 191106934 568897970 4
810112060 272658400 928405953 543794414 2
308557617 229397973 964659358 943141459 7
556273320 293529246 228284519 343221868 6
594039806 484397998 740915867 769495832 4
174680705 272648890 643007801 664732798 4
386026356 803186333 27083044 835275631 8
974704532 656989992 830529903 776134254 5
804104164 631159071 254881654 779197964 8
595522620 24674852 497961876 777237785 10
361698437 499286814 112914677 235129091 4
337074158 669048544 81226521 911424090 5
891096229 633829760 886245761 749134608 7
75440042 972459477 933544157 474037431 2
468583809 666822436 117366987 729355686 5
446492979 556955144 846631660 676322076 9
769386957 822782347 401143187 611049890 9
709628334 526897251 467444225 885900432 6
478042746 47567479 751706670 411206778 10
810746442 890098117 316756400 325561169 5
493092124 446254259 287267264 945827388 2
907762197 5570246 630642713 654556150 6
378263006 984936001 126452197 802451458 10
976798386 745364494 651675224 767129286 2
985686060 867754026 323816104 166545157 8
409646989 600527823 758587993 128137060 8
983094063 226907213 542026657 130965740 7
88298080 621766741 258603295 841597925 2
891740228 8033781 396969648 624630165 1
682947832 727529556 300013197 103111474 7
119875184 785658428 610461136 59064544 8
685038705 505816517 325207941 574870695 4
943947974 761157034 734540661 760174641 2
950564285 67189374 967170748 220210192 4
928905983 716777949 888736673 394192982 7
751692558 755470796 687228097 423851087 2
462466942 233082183 394831149 735205397 4
832147164 491300378 979368251 588563633 10
854072335 295688527 302204472 88999071 3
152128697 120378953 661577517 390473999 2
310579688 567869738 232285656 59242401 4
179810534 420361076 50242116 827296219 3
983675354 809930437 31593349 357081854 10
203189877 102954936 923174494 119280587 10
375034407 910422398 283545147 225621543 2
277918832 822362086 361069608 400060057 10
295144300 901816174 364792469 629940097 4
878676963 933827163 464539354 948247073 2
488961393 431024999 571017653 329315438 5
463523237 94395404 422829185 247894421 7
546062693 409734773 451323754 866380482 4
109444199 658963487 27666465 165856514 9
854660109 496880570 154235928 549418971 3
399249712 707002567 475937160 210050078 7
114317246 587740145 403720540 605637115 6
515965016 867389949 767997220 464690205 6
829690123 970719087 406879632 915930067 5
495034480 271767611 793712675 951643335 8
645841959 113994541 147496855 384211964 7
69068514 24005512 869373098 379991777 5
458316797 299100686 793784126 599923923 8
396366927 232865039 734360215 85915180 5
974451275 86067184 243333410 192005114 5
258829728 226100206 390814324 289664665 8
441019360 556377706 212071118 198910776 6
697608771 664666913 835319815 43504791 6
398721057 38512078 623536990 176898964 4
692354523 616997726 153177631 899147459 9
884273203 852574271 321513590 424935049 4
375891606 402051551 289293649 494609931 5
295563654 448799964 271070810 468650875 9
154894763 39331521 565849214 102018611 4
557311225 520198787 438076672 507728763 4
765819959 217634163 563761287 441875826 8
225601778 891176920 184401459 905069035 2
305710576 330421983 576636098 970035497 3
932599186 864541927 418590932 889239755 6
575735434 723718751 163964658 451539264 4
173071418 864592226 539559998 863382453 10
644489723 542280780 959260635 216652781 6
560366806 404393931 460951105 996684220 4
888885402 218821284 283833497 392184358 10
927629531 466204474 681558208 248041828 10
265801585 998170073 170333409 257178772 9
500133552 6891920 826269057 565714326 2
713921270 268426816 656029067 887492368 1
165760301 185567485 966730479 642237900 2
798434403 363651681 830605182 138627094 1
398301681 735247264 49029546 405037278 7
292561618 151785639 959467745 127718140 2
626277767 169826858 705426174 34979521 1
629498158 649612154 996954758 107347458 2
838413415 955375524 949792896 562858422 4
409204671 286528436 34610774 814160115 7
943153704 926165362 277157501 568377056 4
119442835 554988894 776678706 961062633 5
606224599 324675839 735512292 821931834 1
400063179 358159344 32561562 953052236 8
866315249 508805887 996332296 187417565 3
43280851 46732917 573786822 373598439 9
391090044 387017681 30984082 946262712 10
105863900 147298316 155891754 600646585 1
290566803 387050979 514198412 918907758 1
696144302 663281984 839020380 40660867 3
140514765 175067690 58886323 983644419 7
815562194 569325 945281035 696043694 7
726388979 721560993 234564448 233072076 3
578933264 908172514 132711998 682459544 2
597862933 199937985 89672910 785168619 8
635432453 127485555 620606307 441289376 7
513863191 770565469 742082998 39271730 9
637441508 779951844 82976761 914527818 9
266059923 536085910 462575850 176493839 7
47632714 187425179 449565975 628252361 6
640752070 425323434 775749713 896062128 9
556275874 748805444 221223856 679762388 6
815361642 533703495 457599813 365412803 8
300383217 242043232 742404039 297546337 4
758035257 450122611 183296266 958834748 8
188531622 520068695 311052539 54716135 5
696905237 100684321 926591223 190627218 6
43053259 420159695 1697508 103257314 10
293464083 303244128 410746854 172756048 4
945975646 45931145 229618832 514749609 3
31031552 19584547 14269756 178361884 7
956675052 960049735 847869142 101476173 3
835716707 865452181 415409467 305674006 8
858320959 489354505 937740048 406880354 6
843348951 63771621 526880323 60194543 2
548569607 352336860 251404946 178325291 3
144569393 361113315 208040101 53974519 6
421668150 781714398 452116202 133739017 10
691909702 867854320 562818965 603607872 10
717183441 115587906 882476727 341266947 5
539130121 560394333 760952334 875317872 3
757018066 577762471 533025141 465473695 5
709249942 392447530 360183959 901980848 4
54762380 583322793 781965492 873976246 1
409713957 391782356 838018574 918770271 9
713655320 188301714 394830432 565928988 2
123228448 842081396 223810043 497072695 10
920768639 42098530 909962347 354017528 3
814870565 499835843 363082572 316147919 1
258932405 381651969 549100836 523009687 6
564666867 142716569 658817572 923953547 10
887060520 906847836 95377091 442255400 8
345200962 259939020 832778704 447684263 2
918317314 71567895 45161823 577227746 7
116066164 519255280 968401434 129607089 5
482080453 839078527 721326887 129896819 1
668753872 585133067 386362401 75958823 9
502769100 311035951 554785353 314416906 5
422162180 643839750 712629104 847263365 7
24056087 72277182 884464951 630201514 8
326100414 157219440 778283165 338004576 6
718629635 42517870 332440322 83033955 3
731355122 891991790 583672725 906384709 7
817608872 321992481 877856165 294921798 2
462419626 266730027 361835487 876827000 7
367362960 396756825 332120659 297648544 10
752939860 473189390 417500941 304067846 4
523401755 210273387 108295521 244034026 8
800926524 434260427 631108823 908856881 7
980069580 1560745 739341294 118607330 5
107734321 133539976 675648519 877282703 10
179821030 143109727 390375517 513782134 4
242892628 574323845 207615821 504467382 10
783761256 472834185 491923394 277154708 6
549683778 228450704 658936770 845898605 3
308271955 880267680 674015742 88092764 2
443125641 286046070 880304942 346640176 3
927890338 923429209 925301463 610028665 7
846344447 380872225 645439529 750115887 5
319202836 669339593 502490788 810879141 4
722033533 702846090 978972255 356056588 6
285799687 727562649 547846469 294948284 4
537258278 298688197 501812832 824694445 2
638506328 160025869 565301169 267622387 8
67123682 615313747 396064460 868623558 4
792977593 356534392 308612061 216404332 5
367823296 338421010 963582814 574323281 6
221223826 475957229 924718107 951622970 5
61416651 193324999 549818178 301178997 6
66000899 72473466 229598984 235379570 6
101326224 176443168 80955505 261484938 3
284525060 632997298 795002479 159774403 8
71985152 310746914 865654189 714222620 1
645567388 915853625 869012350 969669022 1
76824035 330833083 452199779 266138849 5
480566183 359161990 281244582 35750417 2
642096852 606848304 848954493 253611796 3
432829055 60973277 69867200 961733846 1
270676148 874294214 585813783 966039770 4
533672273 330101597 502336154 33826645 6
614037965 756465933 821573881 50278416 4
237037626 56870257 941262285 75900153 2
289418135 232434913 206165274 121245037 9
105567797 80107205 895795429 48779029 3
201304023 381740555 816980296 450386942 6
553790025 584985351 9607396 885554500 8
832761735 862816893 971828246 499755183 9
197018006 861497095 534791424 813258665 1
328702099 891713708 816168940 137941783 7
5913291 819217528 949057436 582142734 5
784977861 867870800 901623257 980861552 3
184139085 680751791 509952501 294829664 1
645042166 214135959 718895221 766249810 10
328740127 627451977 735092734 711879864 4
390978406 372601658 672241443 365878750 8
227154255 847151330 838684230 241216852 6
695914799 181056181 923168720 453126766 3
833617458 417995595 667358501 414511093 3
863233443 186065407 256493191 474225588 9
318911075 556153777 831684412 466408712 5
429289726 325178270 960125163 720001229 7
828495161 936015673 773263986 476810953 6
489542172 802387354 196700915 998923510 6
133103383 99924590 885621841 198748458 3
319193401 745441684 311572799 630205291 10
372432622 607401639 923513007 598216394 6
608059584 621204384 646306892 737262060 4
768279571 244352197 628285509 215733429 6
361453530 413421036 779589113 686143469 10
286050061 721650503 767886533 720961959 2
127901260 857945174 98088764 756377312 10
451060630 999409780 17726721 241239739 9
934269977 623300190 285859642 623051872 10
876904843 329852057 33330520 829549529 3
884964512 315122933 516584663 807168067 7
48634715 173306083 876610875 152855937 10
773232469 504158284 959910382 730645339 10
913660833 405270160 930442123 273243071 4
537845873 413539036 844072217 518477024 2
533152331 781722070 591154591 717148076 10
888430233 385951006 433415526 516605010 5
823500956 909424086 968202355 552918489 3
193769210 145563944 139034821 475470307 4
34522141 960728128 560823101 270832717 7
223365644 167110863 152502289 423568553 9
782357054 907392480 202597388 78817271 9
332354237 950663104 827248502 282081846 9
675195946 794284372 436567272 778312237 8
566240591 849178326 716431921 845854466 5
648189894 517601839 875630325 369800350 10
351330954 80321999 816572339 838357995 6
854209516 996283553 809531729 465352907 3
553346937 164974060 423737863 728667092 8
535955201 37949096 883871162 456792002 8
522238311 844772594 234255396 958842870 5
255497508 378451023 30387100 89077371 2
467350769 341427565 131003730 485769616 10
540391298 386680047 975891167 109670296 7
479419100 153772130 237628905 766365085 8
16425911 831212546 451223026 734308870 1
758747886 365358078 661316459 913090505 3
35194448 90935405 292872324 888856225 2
701924216 252818905 433102416 52632639 3
835840520 481997438 287367756 421382803 8
951669947 494188288 500586291 382632491 5
256004825 386994552 911359827 813583306 10
555888339 588350200 258768495 377379428 9
219715480 404327887 801951984 895066577 9
27718568 864281458 851740801 360026696 10
3935628 520321187 7168417 451829187 1
366430901 370556010 213732536 27166062 5
645092897 72382885 951376560 952514885 7
799098782 863181447 597073560 889072861 9
88500907 574282785 122211772 847033870 4
720151486 701438939 878677164 15595920 4
219808003 723639841 489270177 268982774 7
161325423 489746788 136719683 747681563 7
68644975 1402041 378045841 274158768 4
430250063 525370085 950044199 304635632 10
360352314 456410446 744293089 688767274 7
51660977 479402116 640509808 415043148 5
314695474 488789925 283102727 653046702 5
326696829 40527121 728137188 690119010 5
308250914 598525841 67072601 98741960 2
704142448 220488919 107877468 159020083 3
260579156 148236535 652983650 95491571 3
149797954 285197192 305161951 27492757 6
514438871 346746177 303939894 463238309 2
484605546 697526394 726701580 4398362 4
925930352 603046025 398806365 752197648 10
775194025 91955977 621534529 695077514 6
886510292 43977879 509544551 563389082 3
227428435 15220571 847671723 599753247 5
392110935 149181001 64236055 928498500 3
764729146 76413069 108987282 652811238 4
810393396 352837682 102754428 560538219 8
958415927 987421469 117926589 236478112 2
782154371 554089415 419000642 518541643 8
382229207 138906021 11109250 567526486 9
168876998 118670647 870607781 578182209 1
622964 167946149 596724191 557448169 3
718560581 905549229 305384516 454258513 6
989281377 89409050 993599496 473918616 9
47440392 679612863 215656032 153741614 9
124537472 255590138 918944248 803178980 6
356803963 756600684 597415622 120316676 7
550312654 848602623 402007945 62659320 5
188213057 553035581 906574753 643376994 6
698479163 98496767 796860841 278133292 10
467996969 17059023 383301475 902435534 5
873039867 614322054 351477029 628874634 1
397208407 161440656 835977890 378217437 6
233251235 323102179 240683865 672730687 7
274466533 503968275 109166424 479363566 1
928589614 602618695 44915139 258453038 9
175944905 857545734 746383184 876745685 2
924117803 879591416 820657919 932018968 3
723736294 678217583 566788276 834609937 1
650806165 961007560 157250351 696238013 4
922712365 351322094 812586163 547381782 3
445381400 228285594 385727099 912979894 4
620454079 754881426 139539894 155097107 1
299716226 142570087 594655422 184601995 3
241420081 713691971 91676217 773350805 4
194799886 84205434 552737121 345603051 4
47221856 250737617 497939700 996639175 8
934471016 297225212 416995548 553351097 9
166829846 990882546 434440361 655443622 6
600020328 497176774 348602716 5701783 4
173934502 50072566 885967447 399383296 7
406543299 845106113 368102898 19977959 2
771150818 848873368 812910539 621616050 8
394012980 103117352 283147687 731014816 4
922437406 995903711 970556213 471362013 5
288585364 915697624 133785872 291598823 1
725944531 900047129 441984355 625334550 2
659056350 903551519 776232743 199789856 6
515774138 106108069 880493088 500425566 10
158268002 276110576 259036918 135482857 9
262609366 585033060 543476217 851884243 7
838381692 262421074 431769383 657253629 9
156002278 31146569 738517285 749003286 8
734287900 774019485 359194579 342582021 4
309608585 640519533 811300437 682407394 2
379891587 751776953 595520811 40757242 6
315378142 150064719 642623694 276246981 10
95122773 141828230 638345478 377932759 6
578268346 165308098 631382420 492179855 6
303859338 362038152 511576115 812328204 2
280465658 993117985 36775362 898185283 2
644203483 592258843 333025036 610077933 8
731362916 625682820 937572216 383948746 5
523769450 497068821 148130637 814219979 7
322762732 145769517 287058443 450513824 9
293435691 209226157 131261477 623495868 10
289120472 233087438 780192197 618450333 5
55191300 589032795 672565254 727104687 7
536590347 107323410 775954099 80145899 10
215647337 952323307 942885229 313777741 6
988795808 784414670 88238350 224406684 6
268876638 3889950 548297762 356035141 5
609952363 790508962 296614924 637261202 2
420230807 342651479 121338608 6033006 3
577989871 823949815 202065779 420646913 8
838029944 782940190 502435233 144859192 10
709233081 132985212 44514279 368753290 3
84657869 546663684 944052202 488809071 4
812531179 490380649 471978880 948822128 8
299434796 465175414 783963584 190884872 9
335237454 553366591 538125575 14143074 10
982306065 813824228 507765996 291814169 10
827084866 985255421 217492806 109226979 7
520483911 911336725 373563785 621646182 4
360770913 895913715 64823950 970362759 7
667751924 681318290 66808438 612379837 3
562421610 28394202 787519012 240027576 10
855476374 26588651 658873796 709323784 9
908419909 105599053 809832933 772366899 9
577539963 637731265 404492134 238669401 4
70051966 235933216 797119785 275642602 8
817665040 369052885 993908606 23121168 3
633744523 473241596 334960464 385976670 10
371579400 984274713 618638157 579886846 7
342767207 541024650 847448846 606320181 10
907982908 201888315 240289141 894481004 4
758989660 860622495 702119222 978051413 8
394062235 554066291 381766794 656344868 5
574352090 455348946 836244684 133170723 8
848664512 905181647 331394200 587158116 5
421189090 952066890 455428491 915424921 8
582191552 348557160 451541527 603613439 6
922180216 733930736 407712984 406432183 10
297495430 441320497 737807606 606748077 9
966640226 9455261 350340978 590364841 2
915053645 236537292 164363687 992166426 7
333934983 280638257 767606619 949476274 2
398003687 774725911 822179707 140422697 10
366037103 102726637 75116637 331785611 9
827793147 603806682 977497762 701497152 4
641451714 810010387 667072952 592704385 7
391365848 259057911 969835748 339146120 3
826994790 616172793 484378977 374777889 8
925558221 883331738 632606884 730312436 4
274065338 454174145 793374178 756997665 7
968672248 147648247 152256085 361761657 10
430648081 523790644 305040749 660655042 1
700225987 485407463 943698914 474930018 2
292691933 357896787 490384526 53261581 6
859267221 917348255 952189892 887063332 10
175783590 750012297 200617737 855571577 1
282782648 761989078 602607179 207044854 4
275904862 658262851 89307240 422812810 5
729274549 957238831 814232181 481088596 6
314798813 142178498 768754858 475143154 9
127980702 595198309 708534490 552089880 4
667461911 456351017 706400570 215858858 8
303080382 493566323 206353883 486526913 7
680631439 854189950 295998050 599237311 10
5738346 905018906 868675998 510381376 6
127400916 423755975 73190445 110784229 9
880025886 632166772 395177836 829354261 10
612615616 382445752 412874459 5583055 6
628588743 242427939 227528953 891156314 10
100604735 818155628 828469740 933378253 7
230136393 681088447 330912305 666414710 5
673233218 554020973 129401055 527228881 1
868094096 653487011 485979854 647051863 7
241688501 908551188 127895102 372178727 4
992426382 437474722 6633152 460176641 9
139728552 560917887 480642393 694814966 4
591448218 97306328 971930426 389421673 2
980975897 320270709 390923481 405640280 3
90337707 978362886 709782702 609457346 8
403302790 616279917 451203975 305511694 5
551198424 177695512 965570476 901667301 3
196390911 847841000 880765012 818722190 2
973766711 23766510 812419377 25922295 9
220870069 800603173 647231801 886247780 7
64840166 145836561 346285049 766320050 2
595290163 730719471 109239383 393922956 1
441600650 406429434 889703903 227866005 6
217031460 247420336 976842916 280540237 8
398667142 978253976 475084781 289772391 7
608216576 435929332 86920691 162066902 4
596515224 315809621 722788199 82449470 9
410877043 699867318 396115830 756885233 10
347508751 80958860 72850319 305160885 1
865703967 745044729 120432195 454622271 6
281596635 497667123 114072301 690013245 9
624444448 347114435 533752736 649124122 7
896747515 346697971 512678016 870678275 10
811089980 293832519 578562887 863197594 1
614027897 1789230 667901345 340989150 4
626533229 229202026 500729159 235640846 8
400890815 776043669 458445167 527560807 2
440838656 986257898 408502487 86559127 3
689014701 127354389 701918650 455336891 8
77323956 806961852 214584991 230098301 1
292091394 424900264 992991539 922125758 2
625430541 924213036 351088545 109515548 9
810716773 141770339 922608690 133487463 1
402919966 647440579 78130957 203758457 8
340504115 122906448 639162835 732996648 6
96590860 205030036 931447598 453533440 5
740175014 411215694 474795377 941057662 7
536973806 195770803 93975710 301862632 7
452385631 290417392 290527028 69020722 7
722303956 718857274 824249818 557488837 7
280128731 322922123 482981931 628189974 8
389144873 995860106 848181052 832407447 9
655109405 24598288 561439944 357404065 3
614279368 43339610 137618213 134456349 3
786469472 779421808 194659446 585889177 5
89594762 932570329 415208431 343174697 7
967955151 71271631 251425011 181646978 1
633123147 241847503 432713251 824011619 10
19999331 862361671 58125101 454746267 9
80317444 281301464 396079340 622067796 8
858672209 646355243 224023621 480975035 9
26344538 437033198 30684314 950933368 2
787571251 813687332 438846186 189362486 1
707427042 971549604 854428761 667163705 5
19758873 634375378 124325323 867404742 8
785487118 625728976 533575987 881182072 5
487683704 271767396 495027584 539812853 5
156885456 44833419 778100496 191066317 9
955055486 924175993 919851087 963068616 1
159459321 998204059 268917496 194768393 1
390563294 213814382 704139407 803258860 8
225365746 286435655 597104513 158403963 9
285227624 246858864 727533620 184555570 4
480396198 980379564 653725449 521089662 4
547624287 557698897 446584157 979295544 4
333556548 916176979 446014613 586551153 5
817678461 545955635 955284751 309989075 4
765662322 803636317 698212241 565462691 5
242955649 896160691 822888385 776225306 6
895841483 13941438 149327368 314153745 10
93417757 535776397 587838808 413644381 6
576059832 39225351 531661773 721470269 9
241819055 575855019 502477622 262298152 9
779049937 243301881 331754962 199074687 2
115668134 102956016 665515835 851845658 8
354376418 61006296 247982088 46036895 10
356105026 276751194 496714491 427814459 5
620369028 765031791 544396196 995727677 4
243495929 283459183 750717849 803052081 10
165126864 472874493 433486146 249345995 3
75923042 940739683 473739010 712977824 8
718765767 154456332 323815447 277051966 1
707141483 338472776 325030455 303680664 2
901456261 305780565 223147249 860789395 7
213288610 365804025 456959220 955785644 2
279316856 354065835 994754892 899384299 9
253048109 633553578 205041841 18488211 10
764062108 978342220 30375970 468995566 5
87958972 533988614 718647682 623706827 5
833886392 980189323 64573089 780029908 3
311820286 72479480 320253115 267336151 6
457911648 1419798 34159682 737402518 9
615852277 877372487 164381209 312500279 1
912073304 461976018 682591193 386636754 8
127202790 164624456 733009460 436093073 5
941935045 209397825 267884656 905682691 7
757897871 163794058 555652221 422828889 10
708864701 44677411 809051870 933867355 2
737397344 85430672 193415853 983821125 5
836984718 453110862 547731324 818182780 1
311815778 179529246 254425742 483245814 2
630457093 434185556 70842129 941420985 10
95636950 817074743 661160733 98872690 5
266731611 635279036 736208733 441311321 1
451066624 957482732 774861330 667002540 10
318471422 282915189 991656207 860934021 2
352248746 14829101 601147335 854794675 3
649172325 15343259 698815440 705587564 3
651783201 915655428 690302908 136208275 8
276727897 145671833 417786273 774325335 9
107154564 467367958 707249449 433671959 3
20567274 882776503 960108416 446924982 7
722737586 985519531 890352613 266976498 2
535264091 764101050 324024398 926486658 5
934788288 737309495 476211701 969165413 10
921666639 235595509 324537142 674006278 7
940872044 949177987 323690068 152509813 6
834965700 440431416 663686602 622181348 9
450566152 949493636 422609928 209632300 3
524461599 886316298 966211127 638045580 4
325874595 478350644 355650676 399737255 1
812312934 859578670 127055427 6690602 9
578989837 966994441 980991668 417517590 6
808056420 947340137 354754862 459715104 9
509191994 428934420 140988993 126300720 9
484611651 303328247 709428379 413871939 1
715296757 261907729 36266901 301017705 6
123424423 30482991 895841179 402945857 8
922877225 785157147 959244024 687387258 4
393483649 33023776 156013704 962893956 4
289169962 975686376 239985712 561118307 7
914054354 120112779 725020235 714907221 4
669337255 731196290 892061423 667377123 5
840176852 196219381 199054951 527961936 10
546082569 661361719 319565631 931996160 9
710957845 888957582 955581142 919627937 10
325981461 129121977 660288050 303029644 3
637791593 621571592 14911941 810194507 7
956810490 695559581 713793666 282647050 7
928647472 990641895 420439885 692951310 8
972878375 574175141 223650808 633209960 10
799507124 557673137 866965903 502954708 8
941162151 611008608 592001038 912259951 3
981380816 417129333 69425334 69932455 7
96713172 800512944 242783748 780849826 7
574473799 880436307 941387774 383095312 1
827849195 940350898 590325194 796826599 3
166801256 724234453 628940034 90829633 5
502106218 461572121 101556090 613487531 10
236091592 869524784 942800564 36631892 2
905869847 479839288 87660030 527940519 1
854630010 160429299 198007013 462917443 3
553389739 727606090 758371698 878885502 4
810539633 860983363 184847071 822235862 8
839674886 623090212 417224883 465696452 3
430723847 262062417 837401559 131140157 7
255886059 740866727 604196827 917656386 3
519811279 572822757 886658749 779866168 5
158530734 749745432 417886538 749788979 9
596188343 312809306 190697304 911020857 8
92311456 641902700 72818135 938087292 9
346212402 471872538 192751699 442187524 9
977150895 813586320 119888590 235508762 5
189145872 818461135 51018960 940789694 1
834990745 341236017 600299927 735758795 10
144413215 100197691 145626091 3572216 1
897052360 600569498 586792790 727174708 5
614278750 627365578 941991197 744976789 8
284026365 293194096 991879958 499934171 8
46923444 315820913 151381730 636515832 7
238225400 849531606 836904195 222056349 7
3944586 35601163 673926159 992339557 3
883549431 853726235 883672675 455532686 7
235592537 577251601 943047246 431013415 9
97250452 407841135 169227781 611923829 2
405172495 505759990 624747652 119547064 9
601809959 729425803 156956773 351180714 9
592057444 3597456 25688016 802219761 2
357227595 392042698 182179213 673913428 9
274754759 174282689 731749705 675657208 6
879464915 444094554 583842286 614394766 1
190124502 152038645 260882706 776576964 6
291611849 674271561 97305196 436609230 1
266864934 666716172 531427603 807711749 9
95185937 188242537 241481324 272087135 3
470044019 570029278 542824549 126133589 8
382710671 848278129 190640323 552236738 9
519235258 960701102 406838870 549248774 2
679453445 148221884 805309839 242290336 6
91102998 825989721 562476590 384525075 2
138512200 350244262 437495748 633084117 9
479588225 978190194 279071950 341948368 7
245907020 265205548 258352834 438537453 2
346007971 803743755 598792081 59993288 6
704085399 562354510 350907285 385077 5
302979647 429007146 295071903 687018512 7
636160048 371943024 13325388 245865893 8
902686062 839050171 271782911 931881037 6
823239640 646419362 418665140 751883421 3
894411714 682525508 728043068 50770731 8
634903460 303492738 595100483 544685653 8
217819991 487307920 285984003 29756546 6
558775165 52707393 961654136 897610247 7
904677512 394190878 680821182 634709712 2
642659480 636687806 571666929 441644508 1
555336603 446946109 41928149 777207206 4
627838732 534209411 987419451 819088549 6
111160420 458183044 203834810 9021518 9
612269677 515249912 721241621 628195942 5
979388439 999219993 529791737 138701765 1
412164943 215708686 109254134 32667741 8
599781260 686220772 94069113 715823159 8
939791258 406955649 18344254 366242958 5
178132605 293877380 482999116 983298252 3
911469398 49194974 331516652 208400261 1
687165030 15754684 560452779 94536613 9
35912375 465520766 911246048 938032366 4
936622448 400830170 259039170 253847691 1
401220653 662044502 793728800 765245486 8
68647655 62364976 110073712 796655002 7
692736452 71043049 975085815 379561282 1
58243781 374100186 636039888 699264119 3
609367711 899437656 648681004 758179762 3
283827992 495461947 421957554 136330753 3
102346875 164564709 827587735 907655589 6
53312138 951493401 239731239 165974496 8
764301085 406796615 667509573 678421816 8
321532657 571871117 407334847 967079163 2
517010143 595640858 390308819 609788772 5
897481495 184065962 897105518 474633657 4
115071500 423450263 197399985 475634107 8
16285958 358326165 158715284 434780632 10
151860634 278632224 343272247 131978447 3
864875694 77585596 35332176 850453005 7
402517494 127362728 784291871 247659303 5
315987127 813018714 197723275 443439511 7
768704318 363301995 185477622 457894816 3
751097918 965986807 890735220 331703882 6
799538346 355599667 54150046 424947426 2
958010683 339371449 90317821 607101577 4
872401322 140505429 333137488 800930060 10
738348364 13815920 704148545 556131859 6
52491635 923044270 119226701 237318883 4
742738456 829067149 785210846 243833209 2
53858912 263934780 219226453 363383178 8
410733024 470319347 931068063 557713592 3
447558925 373427187 975462472 577685380 10
314586121 367881167 386147570 210455391 10
827967495 828766572 357379645 575987918 7
800380524 320531097 530866492 845480326 6
487416355 298994541 416484498 923016406 6
435736686 151040086 270202054 652268600 8
155816112 707605438 768829669 259237756 10
46971704 597684658 879727126 523656544 7
603962659 575622863 376978421 457520540 1
343790303 767668067 811996916 851365419 5
117393180 566144 876225117 50836728 9
489436159 747928495 108722514 957558997 5
695776890 274872340 794896357 429665435 2
877738001 865131945 498341133 483488208 1
23889130 491961017 720773833 62315550 9
708211629 893620614 500958102 99378101 5
558754277 58290225 132024169 780206750 10
514224704 18976654 849346078 219222429 8
952395687 924602097 831435167 753764860 8
870261883 153277234 301813208 710865160 6
998891562 397270671 840657780 612781991 8
970993061 321321175 42504467 255982553 9
601605463 383805093 242713202 783783174 9
954241505 589696635 638937638 474825017 2
741677422 391669930 735711701 214483744 1
656910362 785405369 963150322 657093493 10
453461746 164762981 701764686 467323092 1
471137301 161806478 407149502 985320783 10
928795285 802431039 354797824 88006184 6
455694457 186243757 49682555 32989351 10
632613287 250439278 773526627 96226305 4
947621183 488171117 387859567 608869353 8
888729509 499134312 411624499 5839914 7
959393765 495430402 288752679 446950872 10
679102417 147570767 368583526 886051019 1
864049629 638265360 636624462 805537105 2
340102957 272363017 93080720 222409158 3
204392053 417991700 424824962 228274551 7
877597554 140550649 222413894 133035127 5
279907403 851563905 917467898 7078833 2
540449595 60143209 262267727 711008019 3
803798909 665627155 352704916 845286775 8
298985514 941697066 849082404 115900826 2
952147708 70756333 462724433 38250395 4
231151370 547500632 744049058 724864517 4
924350896 611634703 313162900 708212514 7
608944316 361215278 569312661 673330903 8
294883597 36238606 302291252 497776669 8
148284101 84859967 60576718 239316717 1
119278821 51342547 635314504 292211481 10
971095099 953499252 507278106 884937326 2
671597427 882662741 530305753 983983127 6
704059956 609031606 482300792 806798857 8
613788191 285176094 984779553 351153304 8
333629961 198031458 680894961 738472180 9
449598456 674735044 956097469 153774718 3
90519191 25709004 959799691 417234471 4
470541180 451443010 776551636 159765243 4
560401359 937316016 325770983 92250290 7
995314383 679359812 702926158 125397944 10
961202757 830627186 143269252 248284329 1
194202932 198231323 95244734 50607631 1
135034755 393001556 879331711 245575431 7
373743960 997256400 730488995 942444886 9
229435132 482383642 797026127 683432475 2
879452653 483385247 332995823 389850026 5
362875823 674854763 674537173 521179941 5
986419519 710496922 312933647 984229874 1
517861562 979207572 241704803 671421509 10
599572349 724212331 492013960 460527893 6
62491625 740303041 69965215 525695526 5
568087293 274412400 813064406 798679016 4
433712290 388146159 433047537 916709459 3
762397581 626925179 397356889 582848461 8
137420719 424019549 880996408 890120877 8
527521688 584419049 181387299 192769602 9
683136919 513947651 271559564 932863640 8
639682362 745573066 502252966 197686106 8
7093918 977260569 728766480 86387058 3
30753860 98408906 265683692 785723743 4
36814876 959351569 890702491 471190459 3
76156105 996230516 157320976 547052634 3
808264762 810269395 139347589 480719155 2
854263767 249105355 863312479 751826611 3
906450588 370751963 208952854 920284129 4
63837792 400381154 101898537 464008821 6
98311677 752328962 578279868 15764182 10
220436694 723696888 108121087 789685151 3
304736667 173890603 751001891 999626124 8
978501513 540685079 917321052 998813574 2
