1000 759653426
 499320294 968632611
 262091515 981946362
 375812621 962342985
 884917525 894322560
 244171784 314428728
 755869471 822190733
 79413763 683202028
 459159657 800750201
 607278297 935646115
 169602840 208270976
 406217329 537977380
 35751668 428761489
 863251769 984475099
 58748255 487661420
 626512271 756376916
 661867325 886227076
 105061665 978217362
 354294945 425371119
 666275582 730947178
 501478151 740424187
 14950850 118164763
 931268139 981554753
 305615211 709137968
 360136604 658820210
 170759752 632112361
 575963190 855954027
 856399393 940795854
 34479315 464623520
 390625183 552518752
 875941833 978799059
 571098050 908449951
 552018011 767667457
 322468606 645953708
 487583012 589047427
 949601966 967260921
 203873846 368998710
 788111070 893486098
 646595939 734896621
 293487507 771008033
 900345378 946614639
 623974678 808806512
 573853650 831925037
 604637252 985586247
 325317444 499262145
 400314180 735162136
 816021611 889264110
 964011156 989371331
 148511851 546842619
 605333203 806926983
 743045284 974193415
 405701149 505347127
 571069516 857684828
 971262191 992809962
 965738445 969231626
 128736871 848606433
 301655434 960681031
 33504810 621035588
 712544451 960953955
 254565737 906087539
 446437669 609533490
 784424882 953060405
 63533349 808597972
 244677045 925239909
 518118855 762710283
 352992945 369431655
 374944449 904740976
 47398990 469259836
 65924802 669278486
 620605577 635995877
 264667090 784868434
 865386688 960409745
 350984036 555056731
 713616657 754157611
 430559542 652039906
 262510274 640980605
 662585168 849373120
 141606389 193334070
 176649608 538959433
 240007884 577660161
 785425755 947197500
 974579168 983716779
 373278080 755710128
 297270073 992291218
 159139543 591183805
 135481665 720227746
 495685611 952382448
 876869885 954054727
 372095389 885095101
 314020467 454681456
 765744547 878855114
 378765055 766403880
 530595574 921805500
 163314736 931612085
 835081985 968710039
 394584676 749255857
 766331461 844364579
 543239970 820789437
 600035990 817431206
 32965570 49288492
 621575450 835532087
 751458898 765337104
 6696656 493184956
 228238458 445567926
 683999925 789059844
 236283347 859881791
 757106796 771430360
 756293029 848518632
 42391538 997472042
 724336819 806017004
 899518751 998559287
 998166353 999293256
 617703700 758898387
 142741324 443112542
 420004091 706590156
 159919733 224680938
 603899745 992358930
 31554459 261593137
 926890749 972901937
 954381739 992535305
 847702097 915076070
 968590936 987112950
 395237906 748604963
 488285455 525311224
 335473640 352393479
 919158156 965036063
 644480625 849060551
 133820010 242417139
 680747398 747537849
 910147008 991043740
 593036310 913239394
 479589099 579469601
 15338518 471244901
 825125063 914450772
 471825846 652734053
 557717218 963284441
 829231715 896987470
 24312994 761792175
 526167041 918847977
 587593473 617515725
 744915064 922982351
 904254834 998349804
 20498268 973547470
 310317443 554616242
 910515260 943754451
 44532431 138324956
 210789329 912555037
 459269252 808002473
 569377763 737123887
 734995587 978087105
 868253364 948652157
 619295210 804106882
 113882112 939078012
 656648367 898121438
 895367578 907731128
 769106037 908020305
 22864426 954272042
 842846819 954877253
 268830679 375529420
 892418449 926460440
 42483087 754106485
 275635693 350769230
 680491208 769823154
 129379926 985340603
 870977587 886835774
 512756663 980473519
 122704499 220807241
 563859819 582955579
 476848206 857805271
 724444893 800590852
 822337255 824818544
 465020664 501505052
 528744417 785067513
 915378247 948603371
 36885346 893586554
 153980603 751898306
 849105500 977695533
 252777566 426798680
 985802784 997027761
 958372728 987350873
 207097196 564392027
 27095093 612221994
 833467274 859843265
 99097251 675278083
 255644592 970866755
 298881326 556973092
 194775480 195905483
 858735728 909042161
 840746861 998297518
 248822067 426117606
 950098360 968526761
 62367072 447571769
 155288718 927067852
 988374544 991177385
 912345011 950980863
 290839130 479231924
 430295337 691579575
 583645686 679148855
 705997390 864502689
 791670761 812895971
 874901045 878485401
 682432884 797920660
 638875882 908500332
 399314097 536821571
 47742432 370273878
 555492716 876729859
 98802006 237949045
 977252058 985246118
 130818418 458905184
 455699922 896337157
 192086373 526969732
 344535424 676252708
 127024179 763439804
 142420925 323412455
 564611890 862035610
 29692995 434722090
 524595721 735073935
 10171411 769873506
 327082288 933530751
 408905205 566008982
 999337784 999598550
 325414040 406213072
 409668143 611607106
 129951258 591931182
 496018186 923209486
 53386924 415453949
 718744615 737815957
 9400620 201913318
 810066458 830429318
 610573795 970655953
 305822319 420408642
 443974396 453563071
 959078112 984678254
 784875233 888287439
 143169814 267450396
 719864418 760489983
 338243416 869656058
 215659385 334041019
 459376053 522882968
 164761748 475901747
 63211084 256125691
 923909828 995493786
 634222016 641159381
 367905466 507663372
 101045999 641833451
 714109423 729397703
 769699324 918995689
 789577746 800310253
 823790696 882590070
 851287282 923489138
 4507499 191894775
 197941271 817976794
 915067057 937099505
 91990926 842354436
 920068009 964057630
 464636377 859895667
 712327078 857217350
 196650995 819308218
 873005842 893841019
 10924272 25415443
 451958440 540454215
 260777134 306589602
 822698468 883719460
 982216385 992011600
 805169877 832821756
 570732988 909122991
 492620264 824225583
 648098186 846185915
 483515824 629869525
 967406677 975590344
 86063004 158996193
 974552726 984632941
 739450772 948655237
 644276922 790987027
 167180729 293480563
 118679347 597216395
 581864028 759280568
 223719790 636786371
 50100074 292285582
 404730931 939101878
 421553858 502262067
 605935543 746498900
 288660824 805499957
 483272776 786114127
 271253759 329030469
 314883317 898409843
 76000309 91665669
 313754442 340155664
 635985995 915210802
 469774774 736946590
 715577629 970771937
 112039072 607785190
 142574377 903887664
 704117792 826027836
 887387625 960240639
 160313 843726211
 574869523 771617481
 692714672 918975222
 336907910 671410374
 814295160 954078036
 315002373 800194017
 265885815 407820390
 401421212 739621184
 240795548 978614186
 426608649 670176993
 172250552 239651608
 673841964 968222850
 320410927 442987495
 323515963 350689729
 93652407 171254999
 251063407 910844371
 518435901 998526599
 701438067 958756741
 15460519 717137460
 345297461 619500560
 690147541 866716806
 656124013 735700360
 672330165 823074178
 262030598 519000822
 767536257 998445660
 880678410 925840618
 433409129 533226427
 181723025 268094663
 606074774 938700034
 518158671 639261825
 337058008 384845414
 71041778 889532507
 566283074 942983490
 594185979 946447275
 948711107 952207042
 561361531 916969078
 396771120 918525699
 237560921 381660937
 399324207 879146687
 214441311 536165957
 930503963 947688113
 606201935 854103536
 130928863 306801307
 876886271 962781549
 603246879 622266023
 939833003 957608989
 365701405 567304976
 375629174 784037302
 817301709 906523449
 352196828 826860161
 442625969 527183302
 767544587 833684337
 867990665 951100994
 996279508 999197396
 689686561 764340810
 65917895 706976328
 415856507 908130564
 886708181 978135491
 825520732 882444557
 36595004 397486303
 359837312 516679933
 427589790 480521463
 228152409 983308563
 858218889 911991941
 689374287 884284948
 396372814 683906717
 262149801 652538381
 227939391 240164039
 107209459 722032644
 883160360 941211538
 894168591 989967192
 647432223 924806980
 394823781 750914184
 228778789 666150935
 273807166 529578678
 10633490 911946700
 835045008 848288382
 997988932 998292858
 266440463 682150720
 755235610 866971464
 435272308 795719790
 595046906 762179953
 597357151 940676059
 96495889 813657316
 799720170 875897018
 251142052 775271314
 635921674 997432581
 2106340 750776106
 100503905 136561655
 955753536 998576018
 758246003 926389258
 812051630 898049836
 629169232 693990326
 817423853 880359223
 896612619 986625746
 401725012 732043200
 450651697 478077945
 795242817 874274450
 575069919 718379765
 452091815 866069960
 83862462 979333383
 278059581 845795359
 698310595 961004310
 227346206 855187192
 78672367 994971710
 141960669 685582021
 975696560 996065906
 291012148 553317311
 677978506 997552062
 610597332 896980854
 796156231 895555237
 404445910 520433735
 958734928 998313638
 768078041 907216165
 604874480 783303902
 60533549 448480936
 457644272 565506657
 591121179 689644497
 108588739 302082720
 489562752 495175063
 786489265 941135872
 126522976 367554236
 637010073 834606646
 893013501 944814682
 59795291 839901138
 450102626 598988815
 290948419 721910425
 130340813 371244032
 773529655 924379651
 347952301 809692567
 524152360 540742076
 976271403 982518109
 900769763 939733423
 162758935 214973602
 998365498 999922086
 546488893 676977640
 386701109 755070032
 124421064 824409492
 754291038 815433562
 944756955 988474685
 129223471 147126096
 437631985 867369826
 715436482 767029485
 884824320 992517729
 225288217 902212330
 274879569 621292348
 600642290 666381689
 660080940 874808872
 920084678 953518554
 193947292 616073876
 548900967 832911449
 399023751 562740153
 749495129 776108655
 30424124 164124725
 900471557 993141931
 160814744 941606085
 329088789 964581169
 233585105 889092630
 110468333 881177038
 814815026 897293670
 443381844 827354446
 459235930 771084395
 764140267 814178020
 593349876 838849786
 543183057 678995991
 23607317 522285621
 71512521 834778588
 158488045 758654235
 86049134 238960242
 769848483 913598280
 351236098 608091385
 223430535 898566600
 194312136 510405608
 575606350 751007590
 36251158 137833925
 517795552 591392561
 176108966 562198901
 914516844 933461930
 493665853 861117128
 700105161 729308439
 793128308 998104122
 196093677 873580740
 615053485 687897086
 308457945 625649504
 768883025 865858843
 959717055 986066095
 2513484 966366369
 261979329 556325256
 337570698 734530957
 156705206 458089143
 230281458 399160883
 119963442 120269766
 649999895 975897212
 805207113 886670666
 635811182 721046951
 558022600 749138177
 668504918 672182615
 567687645 978857203
 754548925 955529335
 975650641 981120280
 711818063 909263007
 973119521 974116984
 855272756 946152854
 258136993 435687266
 354544866 707857572
 76009430 479329888
 478095323 518296955
 395254312 418623468
 609303513 952251273
 77313694 502571283
 742924058 943707545
 415259928 758767376
 374164473 521836578
 244341808 661567646
 145773852 646793087
 823140738 864007391
 849731626 970600490
 340640272 826869912
 216248171 227536999
 519903589 833862998
 876234449 990408113
 646531923 860001935
 280381164 675695031
 551873973 895535369
 394241823 395087278
 597223681 688886425
 720128831 913060137
 64006823 807805160
 714692251 766417290
 158445137 216745056
 563152682 876518429
 147607538 277660329
 813796270 875523409
 705792863 911226413
 416802259 849563332
 822605656 952117056
 776455325 879405946
 119891252 722216548
 545185984 804122598
 183036316 592735215
 401494615 667806217
 848163279 990057806
 693226407 936708015
 954139866 986323336
 667209098 672321889
 421820729 586979155
 207766208 977845358
 848526496 947897144
 506984568 856890626
 469188532 720095281
 838811917 955584949
 274271766 638495695
 779921062 896688473
 506531483 654173259
 434630942 499265468
 769483417 878962283
 592873590 837832021
 80585993 181777569
 254869724 290590698
 692375132 734164637
 289222792 855626465
 55890196 318528711
 925517134 967780747
 508138616 575118598
 898177995 913764426
 2417149 814304845
 444297590 873792631
 148118556 725516205
 793651934 963070668
 288162041 903856696
 452279516 988116353
 856405986 941931940
 170936005 873963468
 449446522 751528749
 813734414 903617175
 444933270 549339385
 973265421 992762862
 299753909 639217927
 807520517 848608700
 469323311 961320445
 501306799 641521611
 710938372 865886024
 451967910 763379550
 420357247 950953336
 755359974 885924215
 803038258 926955811
 26457638 287222063
 612293846 900796418
 157737334 802649998
 320487510 627375746
 265905735 469321263
 740716141 839909529
 362522874 461767187
 95065485 210475182
 663541133 720360509
 107418513 938130123
 894455672 994739707
 331113990 943934697
 664561890 765018662
 106805225 637151712
 120148438 994545145
 861466283 893494412
 608216466 782217832
 594074301 904131666
 304538028 435013699
 47154528 609326518
 204377502 675449950
 166514555 290615784
 541776285 926421464
 913165061 991320240
 215611318 318940119
 906102435 923927551
 596391780 749186496
 991778059 995283442
 929678990 955826347
 604667001 784785488
 658801090 771470345
 194350489 620237972
 231343734 527203023
 971988005 993323193
 705531140 942316056
 790069399 992968038
 332424897 956493283
 315950132 924703700
 299985338 741544495
 589172636 732783487
 70379569 683320894
 879769895 934292649
 963566296 997429880
 291975346 823527905
 74062470 491854425
 661641614 851365102
 608427851 866984032
 290357467 429027773
 485031648 978761179
 489543204 957285087
 601495992 758569397
 495070963 496464586
 148335071 594826031
 608170236 826010202
 707934850 975924775
 612704472 989509841
 622470669 927779217
 943405441 980877972
 659834594 774793854
 45060244 554523515
 365712269 426919129
 931546859 936794060
 712945369 903870634
 3540612 480300441
 353547771 617843067
 675010026 829288184
 218261029 820989701
 307963685 311417856
 950024766 982918101
 16511833 757594426
 701203256 867073099
 179785731 332740762
 124651738 991405353
 260320679 417526507
 219877622 486846397
 708666159 861141797
 288610373 435418669
 886473929 932143764
 151137345 489094939
 965265948 997322873
 405452061 673648059
 77546301 555044414
 528269686 546043948
 827020596 915606264
 865091895 956854679
 894304839 985983525
 270227184 891528119
 65731365 706718151
 699976347 735845034
 190466288 716607783
 583881013 844858324
 683794053 867023801
 607147636 773151138
 900847204 952135091
 177895258 501855054
 966862585 990360742
 588376074 880905612
 529348030 810368298
 471965670 792869597
 394552786 845775711
 526992662 620732637
 155926740 561565373
 472135040 968859533
 535832139 937179433
 941140434 955593690
 744843862 969547545
 446773144 899379436
 679219911 996585035
 452084381 628107329
 56154364 268022171
 239310420 480679229
 243534939 441224104
 750475014 975097400
 24133912 634574075
 309274787 708710622
 218387340 865510446
 687358953 747926887
 880100696 905764657
 951254 586579760
 785960599 859050061
 30311250 861075971
 374227628 967323426
 89584213 838942510
 565177312 701354576
 810012929 917957571
 518237027 927965872
 22690938 260273634
 748731485 932421451
 109085842 487926955
 422559501 541441179
 671822274 754811070
 442605670 707065192
 351623446 390940326
 340864770 675753775
 30922432 270705623
 43312401 421359188
 876917354 948428103
 722002378 786793977
 985194962 999660611
 396849919 918781267
 310468069 839955541
 469656587 880146615
 574838354 804748518
 617678029 951329821
 342484735 612733339
 409490100 981696488
 681454627 907752984
 609916868 960860140
 814040344 838503769
 123297293 854218557
 972736061 981253766
 989054284 990688238
 752003317 803791250
 962046586 999067486
 298850349 881890677
 554604332 892055611
 609467454 899868702
 600919171 724046477
 873639159 928233922
 416795314 914173190
 910912724 937200290
 706911481 784905954
 488494697 970737390
 903480369 995887223
 927819784 952603886
 125857378 559395702
 947854887 968110934
 205978685 444774684
 752836262 798020883
 222712012 545220246
 865433079 989094286
 364971201 652704490
 735387038 891288133
 272935954 387427640
 986888755 994644272
 57443856 406154745
 727032065 994884956
 139717389 340254962
 685973532 897652452
 838023978 953982770
 199577563 988617565
 892111986 987888834
 162951276 922324657
 330921622 993702157
 443136331 834194245
 906279825 977049292
 392495573 523963075
 440838025 456455016
 805234703 954311354
 990810485 997969269
 4593511 15197719
 526276053 973455968
 410666190 953616042
 809758268 976832971
 340842752 581566599
 22517218 296552578
 537178744 705833702
 790439739 994971982
 760592795 977708519
 173251852 792665989
 224735420 555416688
 160400240 881192975
 389832166 638935905
 127837238 624295111
 528765202 746087176
 56943277 504967656
 326858287 338667074
 288146661 464352655
 821945123 882842729
 975878379 989158124
 46468449 513630173
 948437074 952686811
 887792670 970826066
 857362316 860551751
 403215367 768928421
 1164048 731026002
 175535166 409708484
 818307743 901247862
 766482263 867966421
 323338299 776751359
 392805209 916656444
 270863767 323716894
 98928585 370556913
 439825471 708789455
 468032524 633288814
 759636894 785886207
 100434098 811952927
 724533100 883541400
 442282295 963956937
 266592436 867238799
 578689627 731512311
 757817482 941491107
 311487180 776334968
 844208535 908353027
 108453514 265503881
 765985636 821240848
 515429129 882564098
 173764922 759941743
 216241284 987459241
 774236969 944846027
 530976111 840730288
 826170962 990753219
 123639794 836853880
 512455315 624529668
 949005174 998091610
 879150275 919507372
 979659821 990861313
 351908494 827868247
 645328701 943054956
 981423662 995392320
 733352518 840262025
 888824758 890744082
 869629647 985095832
 536453343 687303355
 300998789 983619301
 749697567 933327482
 283851424 391207876
 820802078 922808927
 180611723 373786917
 757351812 771199347
 429487120 527622334
 139939245 583756012
 761801839 917094483
 46282900 887202729
 234716497 348464962
 15287531 637940966
 530300470 964965971
 673172950 910710852
 124525739 190635399
 35795484 547355836
 904292087 944452529
 60460898 226549352
 885967760 893068310
 137823134 432933483
 876292519 949208421
 927661729 937195806
 335539604 614779537
 874636380 904383698
 226928160 823566844
 634401352 885155102
 843400038 978815389
 622801842 806445217
 18654101 155602541
 546582764 855012789
 719450419 968369980
 737702702 970096850
 38883830 602344144
 305695110 892054467
 486576889 828260689
 396181629 533085909
 328450862 771108328
 29708713 221369393
 450099146 645954424
 685809256 737355715
 546414804 677801842
 775873917 986814576
 425262389 830736459
 583927630 734831706
 743138155 949112034
 206374951 383874544
 616471255 646451326
 846779286 903847175
 442027136 445965122
 608422655 888504951
 153727814 955341662
 669786860 692525672
 777688205 842740101
 910222218 911658851
 856410575 868699942
 3439269 311142759
 998688812 999468941
 482886955 929916951
 260815650 869666557
 902105983 955745863
 975512757 988484706
 408570793 637672609
 98699110 375157037
 696253210 726711287
 489008804 722776756
 113527684 455286520
 53645766 114140628
 596739233 918521968
 331862775 664244266
 107169856 595400228
 414631954 928184290
 940048622 972981339
 560779897 739977741
 9199151 688499157
 46750794 860205096
 950201392 971641832
 527305119 812919999
 897870668 952719874
 279942696 452989003
 121704462 899795312
 310052545 494912838
 282424265 454436610
 173336666 832106826
 550949950 587592592
 353118743 417146828
 470930540 883885528
 69307874 79939573
 198739426 425062646
 556012769 559427456
 631265938 874348115
 374409856 755224591
 105103774 289276537
 577856562 613907408
 312105515 607268597
 469043055 913573166
 460041262 970523608
 575969238 827752390
 186425652 856521031
 508373582 835548969
 397749163 950768912
 245157685 313544011
 861939922 929512333
 194497086 961804678
 322645969 983548582
 682170963 828736254
 962618432 986186083
 569228672 675194199
 248056928 388588993
 758209563 831043663
 115243885 129891043
 889597553 952439841
 367267049 376350377
 963915203 979069981
 645218698 825618583
 200469439 230109980
 784537359 937497925
 321012514 561586584
 817042547 828468364
 995189168 995499781
 37712795 715524224
 649068033 695979816
 434585665 841722850
 712065399 996554215
 243519343 444095487
 250217618 378596990
 249757515 572623650
 415903375 936085278
 936350678 985898401
 67217826 974621088
 381358733 700337395
 457586889 823673736
 112423178 825814944
 262859108 819004801
 419985024 695609007
 844111960 934761128
 508924356 823418289
 667251701 999722743
 821118546 982552451
 115386603 859014718
 922444718 971035561
 730183116 853337745
 709193117 953910515
 283471310 987519921
 510797084 902667790
 580766082 933090224
 608127344 882192582
 527708176 636000638
 535337637 729707444
 70195001 387256203
 250151282 739370565
 81641233 712051657
 714987590 876887298
 82846166 667817316
 355053465 690469559
 323172931 835662295
 286614480 814655218
 514392277 709165923
 131797234 899245453
 440565770 636724809
 472682419 687532290
 239885262 269717373
 85961381 860557901
 839550924 962200660
 37277822 204705715
 673193606 781693788
 755769120 813897811

