1000 629593903
 685632521 907805667
 451480402 620307235
 314513479 881636504
 771187425 989940794
 798654271 926577272
 631574716 788291530
 881155435 958859070
 645261364 681834680
 220646393 276909251
 186995512 312641044
 202190071 405532598
 855838447 978822255
 436865647 792403246
 982799926 990437053
 356423075 672977338
 128526903 320783991
 240191916 554896599
 148550471 966204895
 102790009 286592697
 707447231 847042425
 708614588 743080614
 54414332 794580292
 328021139 880204499
 582874456 908595686
 866243028 935650604
 993964494 995259438
 847706757 995440203
 318410864 635417432
 405095197 947950820
 188435436 424771405
 39917824 569435530
 900821217 996840666
 590238898 667233035
 78586462 825421899
 878794906 912272791
 274396 22794980
 445934809 770507389
 71444122 683969939
 524736344 827016540
 838479469 874146883
 919002970 950568475
 859410416 952904537
 289168514 421941457
 250471984 382921269
 264966408 937675344
 590391756 710252874
 769745861 850120234
 332255268 679727664
 677752542 802366665
 41411071 706335731
 458193394 917537527
 950195633 986765031
 242054325 552983849
 293841275 462598557
 805524645 915459328
 880301263 914394167
 991837077 992050485
 858522097 915670208
 703747752 816864627
 407025588 886396738
 594293331 975675119
 61747151 977162318
 205466535 793419015
 224863964 778595272
 967516673 985194712
 885554629 925599907
 29864760 947200698
 832154093 982008707
 100193124 187117328
 129828307 883771985
 790113675 851399567
 488778884 576620116
 59555468 241983157
 49415178 322373031
 862792753 863924667
 207539013 482799785
 263162137 697923954
 560944186 873902619
 711311082 819371559
 738373242 894078346
 679415288 818821762
 871833513 978278411
 833476127 889503017
 339229399 631419583
 595127305 858009944
 159036996 982002456
 660033629 923455854
 342371061 556573732
 637173428 659718832
 160612910 558910128
 60479051 575164061
 49481571 249666051
 90193565 689688720
 31312919 919466523
 496565383 947897296
 598042885 773425533
 784797367 968609941
 438663532 662371188
 421159877 476730626
 959335493 980415478
 127330612 861141950
 876415744 939325993
 973336308 977455632
 333661033 829283238
 691832477 856897387
 82284305 865556166
 39190170 924640407
 643279576 709687977
 515301093 935304602
 192571300 921879875
 798367230 958946238
 856936830 946421185
 918813312 998684765
 858999903 861509331
 409440620 974576256
 452356538 531388315
 736368962 984108691
 439652296 594434507
 691942804 749735176
 589979830 969952372
 528846040 595651369
 792411799 908095960
 540815107 620266533
 773902366 787563484
 132121867 402787285
 750865619 850547879
 117591959 354102608
 211302558 955331203
 177094263 672425064
 686799069 937011674
 833909512 868987492
 445040511 477460640
 160532388 992874540
 562434723 860408322
 139449393 567506382
 211475293 821787458
 577950061 594782163
 867213656 900508846
 200458708 378202321
 811972050 840931809
 264144871 676028203
 330612971 875152070
 860871844 886537681
 401829305 608898554
 407879642 880622831
 543007323 792979148
 535666850 721970400
 551500081 804220163
 241704762 786813230
 343527815 726758511
 417339282 468336415
 491236803 830865625
 496729503 915788930
 35963587 129135154
 659624041 679749973
 309263605 619301311
 205134386 233381664
 987864779 991147832
 835512798 920447022
 888633167 895783416
 29563108 488094711
 773911609 902248300
 376679949 592577054
 433339848 452343602
 245608868 303725790
 292845343 514936217
 897213527 999907108
 369105517 502410123
 698623266 787188936
 688313751 981888823
 57795110 426561105
 50661097 853341833
 743045211 916439644
 774556262 970214025
 423244400 756848469
 98238179 658678395
 750637719 851511251
 296188114 385975694
 251838031 901763037
 756643702 837894301
 629628955 656563773
 424402114 700539853
 859771675 967473140
 566692311 883457151
 909600785 989064803
 883614869 950569361
 792363567 805918553
 137452753 713799355
 174515236 715673645
 895878813 918238752
 373100493 909546558
 23340594 954400694
 451073537 816161589
 197599613 641822072
 184055111 441586353
 268404639 725451471
 60108321 189165709
 981333638 996121896
 661321357 719292952
 982497054 996715833
 991851929 993705189
 90300206 274530274
 484959815 692489494
 462231374 599403578
 222534352 367781288
 596999432 700596820
 446875452 461984088
 805986994 973579804
 471319572 924038541
 449195613 549169458
 717180430 891545658
 666532109 995581258
 592681669 665381291
 891102802 947924199
 132791988 283827328
 900467105 968909361
 602646379 689103878
 655510762 984045162
 872619783 891097343
 687245708 984298588
 478996255 506355305
 755941559 843886661
 430924712 543160963
 162894352 539517493
 319834093 383991939
 402817246 852323348
 431537926 526845550
 597242084 712368732
 646670603 873005541
 404783917 441819760
 570838562 906749562
 882513896 977544049
 75469298 622977716
 886339535 915323258
 624834415 731409597
 936996791 977754072
 351423458 957109504
 576036774 991575770
 787510735 797504878
 219354383 537195225
 957690557 961474472
 628510929 850064413
 705642547 994830744
 978370092 980842096
 852130954 942828362
 168858319 984418820
 24502802 228986117
 836762123 934577256
 192274689 755629141
 323595248 984703773
 58497844 660276444
 115582672 167488278
 341221584 850428762
 744675220 891259825
 377337487 657661393
 913488446 921762791
 7592141 748409038
 987553188 998070130
 141344079 708890866
 192970364 684841689
 4873129 275033974
 592863294 640387531
 477872338 574209870
 906421370 995891020
 528560302 817826746
 998936055 999537737
 387041778 759330270
 207951071 861919018
 733091890 834102683
 604863914 819360792
 463679480 879597653
 153653789 639809592
 561151558 679962591
 484760747 636437876
 745698319 880857170
 550573046 854367743
 122028742 538740724
 149301484 593350621
 485524245 955565467
 138724788 217113808
 718497559 765917290
 519036894 624248550
 880842244 890551507
 777234448 857223268
 975783018 981815276
 529410303 870765038
 123571371 480701118
 194749707 863285815
 209607718 950227540
 215777045 564606219
 18237970 695863302
 898415201 958073174
 304933501 515365035
 762405889 808053955
 499130694 884853722
 993144467 999359719
 777844073 827123713
 539738455 551408660
 869041716 908329310
 650693707 869558856
 519449555 851320057
 647881598 666327549
 56937118 979468844
 571249033 812658663
 127747438 228082209
 991240129 995485723
 909268462 942098722
 212701841 648615068
 181104870 643335086
 101792202 692025223
 658438130 758011233
 517392475 974243223
 825992591 971706769
 441035829 769579806
 605195285 995702724
 190481169 273749501
 665859823 993661147
 159679017 186146746
 961297126 987692781
 673258798 703186169
 205196088 293528230
 57613592 98611983
 958067079 993779070
 506165049 586507144
 814750956 981015762
 793464294 863405337
 927284552 971001952
 701749901 953641689
 565334702 938196572
 817731499 879555646
 456084971 593986228
 324498487 369998600
 835005773 930432741
 482144460 642246123
 871822069 969765958
 426973929 506437114
 172798171 859271111
 358410864 620410501
 842215704 870791578
 573545812 650642550
 107065550 668512082
 945914328 972751768
 155918252 237583502
 208995258 434801613
 732417829 977527224
 288239663 330000392
 950610134 983697989
 354613876 425443224
 147298123 677978627
 609292806 641366414
 111545325 723566430
 839491655 937194570
 977235506 994206017
 689275895 851158156
 136463276 213133091
 697382381 860846147
 598987022 903919311
 657568691 771108222
 267221845 507681232
 998391542 998872772
 560493954 886506995
 934452843 993979911
 393754876 783250110
 999316345 999574703
 703044107 958582360
 162660819 462295304
 25487069 733143698
 212713322 377671940
 623291222 746780940
 940473490 986541713
 846175037 972988750
 691478066 755406524
 6353714 522238150
 795436627 849918045
 372824568 984827568
 411692216 685005611
 705129229 800926799
 525674370 930565408
 793738523 799908537
 927726724 983552401
 966148800 987338222
 767367226 978216897
 579133077 700986725
 411146688 924006008
 931963745 967311404
 495377971 831328875
 436928675 560746835
 798599938 824070591
 580792389 659074204
 965959560 984471541
 950212437 962172442
 616212868 949616640
 170961494 232459547
 611365673 957903178
 450504167 621279710
 823406183 934189126
 108370216 827905407
 903968960 977454951
 144099253 798399838
 960863325 963847910
 309987300 319847426
 855214650 865993884
 503161637 634298436
 642644403 830777077
 943139163 991620139
 289509574 865357436
 724554771 809515161
 769232757 850658839
 672981174 988846311
 292807086 694751472
 559285965 620721548
 968628335 975005169
 738029131 998860006
 393766777 935314590
 792761586 972427124
 418966840 720470287
 920430798 997000904
 45503967 467323266
 962100142 986039297
 806688821 911185301
 313612913 822151343
 922271051 954452996
 609727225 870195951
 42073082 911246929
 348644562 822374267
 963349006 991973304
 918647655 925594722
 761747867 772527931
 117564197 982671089
 176940578 740757831
 583105500 910198593
 804725026 967835899
 921530629 985175842
 213686012 268460768
 434892880 688633355
 647019824 900314459
 715568515 716594350
 583972967 686571085
 389008339 622277237
 402931123 478068228
 707409509 980435142
 584722130 964097556
 807522108 935049250
 99189416 408991386
 495173427 786459364
 991253013 997008757
 30450301 552268882
 219715197 374781169
 980278350 988784635
 565760603 960056894
 89476730 980598736
 695035591 829484943
 831840495 873929860
 267301729 385866292
 918719137 972080460
 97900957 834316912
 651488432 750731161
 585903387 878038571
 793996563 871602131
 142114228 249731636
 522006417 803278368
 782665095 871976190
 759194048 865960616
 63989943 635597051
 116608436 367259695
 946215126 947752163
 500256503 931823546
 247367704 407385575
 775165150 962784664
 248748600 306077622
 304903823 386309053
 129523825 781712075
 378713959 978289467
 334758187 748355156
 853437388 946185055
 319184786 667407523
 506992510 568330119
 471460187 955370513
 189160621 442517874
 147858 41961110
 831108348 866834137
 106343060 721100059
 366068467 465461805
 400270013 412420151
 741083484 986107941
 641653667 924879112
 301192015 822683148
 834762355 865381619
 642196004 908110749
 692367583 814783990
 211916369 455708191
 742676181 819794334
 708083010 867642974
 696200460 865809656
 195535102 742765777
 969113530 971045340
 252501194 977816458
 314606713 835886117
 636272084 665534325
 340296488 615427577
 903734290 939813180
 678607178 877365524
 643763021 938824749
 869328198 967220570
 695158876 764020384
 807621319 976353484
 123563934 287205423
 883728806 995619565
 730502833 776975091
 343253960 699848276
 350060291 445301576
 53455934 364579706
 559253751 573932148
 819323870 915263172
 306138411 494615711
 739481923 896638718
 336269382 755399007
 900208052 976461474
 25498750 168451696
 846875037 935278124
 164488685 342463916
 100929098 299495017
 107649279 120970759
 188809064 569351369
 26593183 884439838
 888781375 935000307
 903055683 977821728
 678581471 749213884
 824368264 842827212
 493761244 870037586
 775806360 941007182
 410121182 486659335
 977260488 996777156
 829157924 885789574
 567418350 893648311
 90717954 928362407
 753791344 781403661
 481772831 588203109
 228681113 956470223
 130006429 164085755
 963486883 969026295
 551002159 626650926
 330973690 856696748
 379590279 723698950
 231971761 985749019
 171066638 223861119
 791618642 941842218
 728364243 791860358
 386549464 600642236
 608195441 839877016
 886002758 986212311
 870766421 879964163
 982581629 999625350
 565361924 631194399
 41912658 280997121
 188086419 994339069
 722635294 970493990
 901839433 949153240
 438928097 492674187
 410928119 960245490
 427893503 813923479
 362596830 592783997
 367346861 876971138
 15987484 710659444
 27311815 268722154
 319711286 610267738
 986290651 987474689
 577209104 925199224
 423001842 770956750
 856047647 980106958
 628787947 889918333
 133690800 530255167
 461373161 921251744
 750134098 881983307
 741766086 853919183
 824522826 923907596
 752342459 759426458
 890013635 898502392
 173936115 525006749
 751648243 905324537
 693541495 806155953
 952393020 954620452
 224114468 653111742
 892654547 988211722
 994295572 997623447
 654263761 997700289
 78480759 399637463
 684502483 930807138
 389329142 746350859
 54110418 335615672
 216549517 782202539
 782556711 999840073
 660377360 747539876
 690459114 891856662
 546176282 955050407
 665517992 748924096
 862868134 987598312
 478797562 763232890
 357069301 552357500
 644406263 764607696
 342237335 622104973
 229826341 341166599
 277263472 310643187
 704599072 738426916
 698137644 794847211
 258060804 510525930
 30607956 162805240
 219067700 496921998
 798886564 891800180
 57305140 76517352
 866289346 888633212
 248694761 258639770
 790504847 823129536
 635249474 938183763
 600326270 725147468
 868560643 961847755
 109590524 521290015
 436130852 509221015
 690397710 840806421
 375571769 688705045
 654110043 714927015
 293468934 783754707
 597416942 622359248
 115400562 366605259
 421619610 574515366
 507968632 780974891
 222282130 590072888
 839333409 898637390
 802059972 907498182
 49155803 791091867
 615166401 893911572
 786073514 895894694
 518301621 558740481
 887535481 988976539
 744232637 872077808
 647338737 717257377
 53659084 769712765
 59689494 560081662
 964997476 991876073
 935774632 962055036
 495386568 695574833
 355602840 948074874
 756658618 880863931
 230084329 374849328
 719671831 879801065
 8482853 665073995
 712239693 741088098
 81835642 471026915
 450788992 630560796
 779002649 977743779
 502844967 772226305
 8988712 309019801
 871722372 920107898
 480792465 803441226
 829938955 851277766
 37104995 428566773
 427079986 470040493
 383551293 493305580
 703237608 709498390
 630251907 786397341
 395360115 947842864
 256375549 376879006
 493913745 708148279
 577352138 620435753
 462262550 768853499
 524976133 887517829
 382064744 820388003
 988475123 989236251
 865150737 887373991
 649784009 855076332
 4423370 232195588
 220892166 657410163
 945605288 976932748
 402392891 952315538
 173742363 921455299
 617789120 921382767
 178851817 833473141
 631741217 939428797
 263074791 937828113
 636489831 767413544
 740084587 863191348
 966129651 979578749
 44143815 629171245
 580743540 819019230
 617018054 914402942
 210198709 630060490
 264776099 639625937
 296869153 896907554
 113389530 663410820
 984121804 984999719
 450379373 560030264
 72652127 650297620
 79295547 403040876
 347434038 422129664
 46965567 791097682
 440825568 877449991
 252119018 519312462
 644232994 908654559
 855134733 859643585
 506835094 810605611
 159099111 737981458
 352337288 896527343
 348714511 565439404
 316864821 494303182
 324451607 519504350
 418709891 449985929
 557237612 583061753
 595136563 718561599
 528836494 640590497
 188627820 598483814
 231578313 553821794
 523985097 581147593
 457413585 987999388
 160085946 799604010
 797493396 997924378
 7876152 611310575
 937701488 977643001
 602622856 731953121
 414233106 935143405
 876449656 877935462
 957693362 971545587
 551951288 595383019
 19237638 675339179
 206417184 686685111
 848291111 854569555
 919343797 935268743
 466994386 912219788
 918532348 969878958
 252181571 405121687
 738067630 955024690
 483931332 843620517
 335305946 836855223
 395217460 964329470
 113345415 692656904
 386280256 985097570
 232082693 365766237
 942968199 989068057
 839522760 963382809
 776316527 875312368
 62263111 603577327
 161019834 775819227
 629633647 693385612
 991622711 996192142
 537566202 585504006
 511223455 786787183
 923641639 977913427
 250731134 507698467
 425163289 832012658
 592856062 826650990
 319033300 747603297
 269667329 400052898
 655825296 832473430
 666561207 838458626
 592931776 885117834
 607526696 873625961
 58089550 435583697
 350229054 770759176
 778245849 892697059
 181123710 900510826
 917193578 925054731
 613551286 824394480
 932020240 956065984
 113471274 643934065
 196941416 461706704
 115038358 209229362
 142127842 211907324
 246915444 360385008
 580642618 862143186
 119709052 581247469
 802107320 862815814
 581481545 887322273
 761709759 802168486
 648904017 865328278
 236539829 311038291
 199261789 257802328
 328800356 902145386
 553954154 724463580
 779638405 878512768
 613546215 707847353
 54148515 728895363
 53725506 709898051
 50150673 133721561
 669558029 965346614
 976241130 993865573
 899397895 997482045
 855670842 886677689
 763452048 900560253
 340747520 429070695
 10870844 279659503
 429465414 485354831
 568117281 845444119
 985714837 994590773
 822558447 966254154
 236555885 894555834
 412388820 818340704
 570314148 752891983
 555718336 643138776
 552095497 663235293
 770144376 800457378
 994150910 995051159
 180248532 213954299
 81301248 657083074
 40730184 162880407
 585601903 772886909
 68587086 883018727
 371304691 412545245
 478515063 800424749
 738426583 990567261
 352010130 763618479
 19447999 142663391
 201960472 552451599
 867333533 953143250
 459654238 590262463
 776744330 852666716
 197894415 482653019
 443945387 803140640
 494465401 797391673
 715917902 926752644
 271227048 887642919
 947067666 998644758
 715168468 798654698
 475062449 750846386
 427542542 524012009
 944104600 958390794
 807388349 913574513
 251815920 792449753
 126120794 768839938
 691657206 845288494
 732210398 996897819
 916061895 976164989
 279401387 682699895
 744646162 861052196
 527441987 870320743
 551212661 906022782
 660175875 687826788
 453010631 810644788
 565340294 595290156
 658865383 749314343
 829393817 834497518
 969228882 975708169
 236204670 725878664
 194413160 295621718
 52877393 860648031
 617490334 768602323
 72505979 369074262
 399640328 981116575
 810899352 875185326
 842060403 862022282
 434816285 771964333
 358555704 839501151
 136516803 474514045
 152018682 219928280
 431485408 885723798
 490164463 892713448
 946516535 967239567
 136783081 236340927
 19047839 559637215
 478417856 949681316
 259961067 328234714
 901388758 973618676
 910503106 967153420
 922083202 961973291
 709434655 846976670
 575170427 841644645
 435986734 881957129
 190266270 230889078
 590325171 704129681
 468449359 704377907
 535273321 744009168
 825972743 997952455
 877153113 911882022
 586496033 672167454
 383862403 873165824
 659947550 877900506
 230091797 599439303
 92932902 150765520
 520686619 694862314
 364780488 740045947
 135217384 745143749
 819622692 909830554
 308982838 460353400
 980586222 995940877
 158700815 289800179
 626740988 697983913
 990652633 997540200
 525611034 693536159
 146653941 689987431
 516332576 955489185
 706088747 847214976
 983471757 988629023
 333064773 866267092
 960440210 991011030
 631882917 767882855
 628334559 817920688
 147204849 611430954
 234273020 239960366
 751224336 815983651
 271708473 592258870
 502675722 796643960
 423988227 479012801
 673570497 902519869
 955571341 998941700
 709760700 761924664
 70228929 227881746
 477267361 527508902
 942435131 950991713
 601664212 853541634
 64269140 266812924
 52546565 391086879
 743448282 983387585
 513954181 926086757
 677876395 712362801
 994421345 995964964
 194439903 980973630
 335499418 984782348
 657278144 979283022
 259736734 857908325
 57585684 988041521
 243386416 315440767
 970862079 992128367
 764892005 978979694
 775110149 869550700
 72644562 253583027
 954227324 986827893
 643193967 712292445
 311989288 685795789
 348919600 554054063
 325083952 475681804
 100833888 290174203
 988848781 999253609
 210840874 774187201
 391800273 749365876
 331595080 670849523
 218403451 277984799
 570276722 862724147
 911966336 991743389
 857708638 874480081
 495256931 765709624
 955729398 965963707
 397306692 567673734
 466473016 993794140
 883871964 908896937
 404339092 887722566
 205040186 898088880
 213131792 785395039
 43420363 46524455
 341926174 520166612
 417773211 760514710
 899307459 936712688
 848583007 865053641
 389159590 611391462
 384597499 980176785
 911422752 972332189
 748059468 979741206
 490810395 547843127
 368740693 556780612
 502478313 701660784
 310795848 520814732
 291632979 510738836
 47798912 784169873
 749825009 926616708
 652565423 909192266
 839710191 920595258
 246250893 581010075
 564526245 653908708
 805268347 835584247
 243732869 796117231
 472941757 807863503
 9340252 390540482
 451617395 461354411
 864980719 993379801
 709814097 967456593
 978650608 986607878
 568049948 877377959
 402178376 916187919
 85180968 348987302
 506209654 715393863
 644213429 990027038
 483117657 509778793
 369495489 740894847
 887440363 958393699
 349571951 876919129
 480146899 842964379
 921148495 953158916
 153774882 779689924
 62224921 546001085
 756392770 818282336
 196548090 527085728
 874310506 976907214
 169393619 436853315
 964360758 973810342
 24609267 952649474
 488218996 648415746
 118671577 559727520
 287095365 462951986
 446560936 755260242
 557091051 952398624
 923268023 978677534
 409549582 907859610
 552410551 865084888

