1000 344353218
 297269067 757008749
 814468583 817994435
 633478043 739666240
 657470982 760851937
 222160164 932477725
 190732935 481956603
 660345161 983752785
 277940389 785031099
 617710112 987532086
 269327119 649626460
 268805070 407830120
 17843034 317646732
 922851500 984583870
 374385976 658835375
 359559689 691175787
 805547865 826045095
 349169596 993029950
 523105389 802094879
 221829637 786312460
 477959585 615139662
 453221078 564694166
 312716356 594314031
 370542779 927373513
 129253316 989738928
 863676037 946884414
 372934376 388972628
 828610460 993905161
 96634638 493432999
 583986863 994189379
 183636569 889540402
 839666625 908807188
 226076735 357408342
 695219190 997066542
 999707070 999883742
 473584998 824173950
 814733222 823728868
 997745564 999544501
 659606720 671460752
 262407890 955014597
 362306946 876335725
 736622091 915369706
 206325862 289782853
 79596598 836006804
 844608913 991425625
 757640027 855207813
 450754340 590884972
 321518531 762880837
 347599690 942275255
 33767379 364072821
 191131951 792334066
 252192998 264917618
 152647869 803608194
 894734916 937123557
 162805371 196783334
 706003853 855584729
 470818568 614778458
 216822457 733072127
 948588427 979753763
 583263555 893155306
 423324469 709392249
 235374321 369374662
 439099675 875987702
 373770846 928100884
 157514015 193190841
 592587561 760613075
 801282437 926030525
 763217433 973604184
 622194776 930010544
 312732560 560580350
 676741691 791360924
 12900667 598376170
 824315644 853497568
 593501695 914372011
 313724637 569700608
 144173867 662943199
 763721570 882160714
 851471968 909031441
 386552784 802781624
 545124259 551460074
 95299866 197177874
 830211688 945418762
 992044967 992979063
 886473549 999434742
 528666316 977996016
 231180689 625408154
 324623685 434326344
 338495967 655689780
 15886741 773024816
 663180441 695933151
 66131991 304293848
 199176898 768494749
 99834138 411353492
 672119458 675734362
 894897629 904869685
 100925424 619403379
 653783283 726870847
 644878204 828826819
 5999406 674461151
 167934304 380372356
 30469924 94991823
 445071265 976636163
 117464500 386093311
 266021857 453237815
 220949779 793792461
 364787160 789690604
 890894759 981248066
 818109440 940244144
 53085470 222868515
 100473758 618906148
 907751887 955772026
 537791771 953466320
 723850192 931338299
 732367918 962059209
 642657166 787888658
 344447595 942873590
 646263880 805241763
 5148947 833512853
 582824532 753692272
 173229823 688459501
 342152117 803771551
 440889987 454552050
 842466657 929760364
 248291907 613024175
 46872574 525767781
 250755308 275429617
 371539948 970135342
 764530313 907891621
 930809120 948871081
 305150039 884456006
 486355586 896581566
 797094017 859790075
 425457324 710253504
 763853787 880882632
 882069740 925012913
 276081712 434571384
 620635256 634238413
 709563315 912328887
 304690555 552438627
 674794152 880532278
 831521547 977280926
 527344607 805015226
 355047367 775216239
 244720334 633644035
 59922726 191916988
 486252126 644656608
 183352616 274886966
 529339924 847989827
 485713805 562193534
 107504744 708894417
 48848739 172438538
 909680568 951163547
 490081226 817483177
 569208687 926742267
 466896405 487655478
 370582170 430052884
 660510823 943810486
 600599071 871120295
 173839027 741917049
 795644073 849448661
 632459621 702267916
 318260155 829823317
 230271826 526008842
 186672146 213853409
 654559874 701372711
 263349864 522132380
 39090962 461398593
 3316243 776705790
 444505349 787261540
 269183411 996231489
 216560383 737385620
 615785626 617308676
 720761110 882436458
 130563450 307483290
 109208976 816054107
 145500631 473156362
 407613502 601825965
 434304274 559613839
 839450516 843862783
 994081723 994195079
 4054319 133880152
 946383002 946987858
 764073219 995293138
 275841143 301157933
 798313095 865384639
 610214174 845910998
 237471062 948851509
 707849213 711376523
 515599187 599064781
 769901508 849881650
 105619162 130015456
 64933382 738962610
 665890327 959545327
 736205741 790485173
 395947971 872622660
 431003506 796949155
 359973628 446952611
 757263796 778219705
 729262717 975396528
 894270564 993331677
 690343781 947545178
 328206696 774614354
 225658501 832779350
 465308192 597181963
 343123058 856325276
 652644781 881393788
 94931787 404218433
 894325935 910786767
 153104923 755058185
 346617314 770846582
 862317911 945950789
 708566933 926533279
 327826617 835745398
 816203240 848825504
 662125224 851005082
 39135627 804950617
 349293172 814830136
 915295564 944048779
 466127183 534983318
 956934241 982633284
 698687938 735230121
 335229706 870231499
 131614342 650291809
 552632465 674026104
 968190769 984479692
 315366583 913614236
 131348142 439154310
 512388526 862002524
 762419535 959332943
 71371851 709729328
 970636882 976131909
 729885287 766801079
 761407599 845884086
 95059384 954455769
 924898755 941354306
 802362607 973765254
 183077137 781717761
 961946661 967990126
 596089589 615571014
 664482571 827101539
 560738527 867511970
 551033982 664824381
 151143282 696672619
 51716841 771608265
 261178099 871077275
 712009713 713627768
 573487854 752020401
 545494168 914258827
 435524617 842873990
 992934543 995042744
 74662150 120686623
 548944229 696472279
 226199512 328649707
 924224647 979428178
 592668517 612651048
 709112277 884674639
 235975013 772080518
 150838614 913096665
 980202579 996112646
 724994802 759459093
 194519663 935625207
 172959484 582458705
 795475304 967657412
 575631261 716385816
 444890586 524881846
 945765168 980076684
 655824222 784966770
 87731320 680714952
 652528563 736955432
 348883520 992637079
 645237803 797560858
 709623125 889687132
 661563119 890551218
 557822016 807936487
 137717836 683186726
 65504301 726197410
 943714256 995923941
 491905544 845822139
 455805671 548963218
 799123104 988267953
 366342355 449344741
 812809890 821425274
 982399392 993800147
 146237697 207682206
 584412064 724959744
 266147161 812638840
 839674381 929948043
 927834623 958200775
 174070676 468832330
 871651187 973267620
 737435211 794446092
 384505178 972315174
 73091263 938544254
 659255520 795572269
 222509528 498505952
 75046685 296102436
 115815884 362182959
 341247973 695825883
 60033683 363824696
 512224366 625595336
 986801225 987485408
 699407671 876715930
 377382040 959145054
 392321429 992690658
 916385951 954756952
 713522917 829844189
 343032024 373418636
 601235255 952619122
 41891252 865074010
 811551787 845886050
 885034974 961647030
 71382206 823759893
 732231851 818852246
 141112646 505389873
 996867233 998867011
 152979118 478847614
 435778667 712680591
 914639688 916782599
 618776053 762673386
 947054479 985478222
 679898841 931255018
 245603445 473636815
 2089626 303736197
 10692649 965343362
 848478193 935392613
 533664658 926002697
 423752503 735290121
 157877384 740411610
 382324545 480759366
 428360069 558906434
 290880712 620381201
 346151071 401150525
 611559964 692303176
 188085999 844881633
 692548419 702484964
 408809209 454773024
 17668462 484686806
 183964080 880299047
 513403128 861178738
 653273047 655979206
 708321276 997109274
 865118376 975462642
 819479941 821275434
 857637037 918549404
 785681187 889693178
 935138798 968282031
 442808006 451359493
 534694480 736198141
 207856125 301069425
 185899413 193178469
 92937413 619438941
 707734360 801712875
 939032587 991248945
 429721712 652315843
 680049423 993437713
 173676226 334034525
 457633692 931715313
 658936270 803166365
 536391614 986783413
 400947624 615124539
 992040535 999704601
 787650223 812073253
 831119927 876874297
 59210861 296894137
 140166320 850448061
 622826729 664367208
 945071492 961891815
 370196954 905486422
 40812401 647814916
 706924020 900276400
 507874555 983869679
 913573456 979652097
 474042822 849578844
 289123820 626917085
 858800160 960644751
 455489208 611239889
 144009859 710193327
 477150043 501502058
 741350589 792204169
 203005960 388105139
 206524961 342494079
 844218199 981685330
 152263458 373255640
 362815552 419570272
 497589014 941864904
 712429965 887638532
 485348936 741710830
 148369414 441962293
 443014526 852348588
 892280398 978156541
 832734159 857331027
 915954771 993632753
 856591561 889147755
 239847081 773496690
 450323131 904572403
 620619626 770130206
 277774085 284659839
 566437747 828779947
 193865089 410691841
 248111542 465469487
 341116872 631429025
 938120026 959393558
 212486497 916797623
 944259745 951821141
 903935202 978298571
 212626394 546779832
 301273073 358716712
 612351005 740035632
 737079903 834589923
 538583522 551087504
 916715676 978339204
 765435101 786856501
 982674541 984298645
 352712583 587100182
 337831345 657312116
 903029702 991280323
 578003789 943517189
 617474832 724641834
 148258113 661547380
 567199386 638184495
 934466447 986316265
 738636133 872323791
 682229902 948909955
 414354785 591663479
 750525481 770916518
 712246876 770752673
 584445389 952420790
 355336817 405197235
 152185130 751822090
 887339300 902934765
 174909655 935663606
 934062864 955459230
 798411921 972562574
 173565914 936940438
 794257975 909648885
 517239006 563326693
 914161775 993165380
 40182340 346224901
 521349186 947656956
 444613895 879588205
 700191265 852680927
 60466653 166690867
 243631881 901876726
 877593466 979136625
 374630889 885050441
 699093065 768186531
 95324786 786666244
 501503819 740092462
 843564782 917914806
 383979839 672290760
 1216851 835528161
 583576357 840867554
 928744447 997792893
 637383560 900532889
 98241555 943472767
 422971195 824994529
 41216027 886572455
 411112807 952495326
 557971108 645014967
 49786479 952448826
 944169607 986704542
 781613168 971462462
 625046164 807917219
 356538150 793745544
 86335617 528455925
 391663987 993227400
 806118690 940991450
 433545463 991014344
 373187739 424975905
 60887358 686789642
 420703054 969381559
 279077369 740704867
 279563426 587429954
 790478962 920265304
 165310796 327580843
 326954450 609726177
 131876318 987892973
 687603534 759182779
 490067967 534654170
 24483879 637663527
 537113755 617081306
 65010829 110508897
 761431777 774535832
 90820073 144699386
 720845730 933873982
 100768040 928176341
 307851129 858140313
 646497306 706563583
 891988900 940231790
 606574450 723583289
 515477690 988850485
 190660413 397252999
 157278209 922279160
 183711427 714276213
 842924422 954663976
 270970511 356425451
 830589614 979011629
 376154131 478011226
 153890406 665987262
 829945441 901083667
 31570838 96366659
 902727930 958028737
 545700837 930931276
 201334927 609055762
 901831805 902898361
 796542887 817885325
 211921823 678407351
 109699547 134663062
 751356759 808484006
 620466503 908664020
 158623706 488916672
 722186839 862237300
 135430154 571924786
 68757508 274712572
 105807160 526333770
 289745049 422467484
 565763555 744101719
 500261067 677811863
 932309080 962674773
 956124378 969329857
 711990535 995964234
 931813127 989685095
 286856993 375071551
 619773844 749373888
 738384036 995146357
 431018332 946302930
 140686051 418692514
 945936739 963858534
 878685101 879628358
 692516518 718287182
 865391859 997210092
 662545689 728619368
 756569366 778730628
 391308214 808800831
 617030297 820528975
 513869383 916549426
 872488334 989952846
 579601528 762296295
 352132559 799126008
 252089359 862988574
 545802764 851973676
 874271189 960892340
 556177685 964303403
 709236572 727973540
 975899438 999121191
 442102193 735422698
 703155435 964930755
 173775157 774768536
 714991461 923069319
 750815095 751635646
 762401184 948846128
 694212404 948074034
 297556395 395412306
 558396545 872213640
 752178701 873911811
 865877885 927513293
 927734572 951239976
 326127137 350961206
 198636346 989541526
 874929248 886341239
 569568361 651624966
 246256240 998628090
 918545449 972296395
 481987626 832777422
 665410548 823912932
 244377118 986637557
 40862718 925949205
 757940540 868238300
 975878305 993686933
 499649450 670572371
 397131960 660606373
 221937572 674559819
 155408947 995983884
 190423783 399807760
 603598878 872148820
 616186267 695462071
 461831447 817286590
 163839975 526140788
 453701776 557849903
 352571017 673675774
 236893104 657091561
 614938126 648612436
 162786307 579443350
 176588186 198031003
 69298224 762729373
 366870255 475802714
 855946139 994131696
 745518150 772190378
 222073329 375793891
 549179612 633081715
 412941229 897673329
 512960004 732554508
 868233124 985197045
 120492889 515368785
 148496823 736872548
 885320602 973559140
 432816473 771641300
 557998998 558246995
 316877065 970426952
 747026322 829034133
 979986583 987768062
 298198701 447397958
 926220438 953914628
 958228355 999619317
 115810502 595262077
 752931412 819031723
 633923862 646619487
 372292241 559911816
 249158076 336768925
 29334303 877142943
 579370462 775425579
 323502123 936547200
 383839941 634023059
 192385246 735219098
 942238690 971541941
 190978617 432564073
 115446064 599339620
 377928051 758474612
 457100415 799479066
 753143804 888897054
 234070019 921304299
 369041724 587647635
 128323121 782994594
 611403071 643583473
 685756697 827830054
 96557972 166839087
 729780664 809098053
 761193621 940525952
 828873000 873878414
 155228817 155970656
 876718559 902744593
 133420037 934265303
 978828002 985844473
 492747747 837653296
 200223081 466567584
 303903961 323694534
 426898137 875259859
 776549036 959999891
 116700515 975426868
 414775092 624645395
 413931198 899029505
 747282042 977129653
 712369383 858678842
 35288475 118183250
 535868462 861035648
 251108598 433004825
 51754953 989225766
 805570229 859528268
 862817522 984593441
 840747482 975097773
 356550526 890536905
 495326440 848290439
 516981859 778157475
 438802198 842169047
 209597253 504599380
 842380127 845457475
 196456968 821090541
 149082387 346533598
 41280676 494162301
 402003983 998405902
 307406057 453046614
 510773539 566619479
 107034151 659096013
 322593102 547169727
 335464404 736488666
 100087437 751018274
 348656496 673078425
 697387939 807080517
 114766931 997943135
 532319678 872983309
 741371570 893357723
 369697961 873138608
 720530910 987651656
 228035907 986027276
 473248733 592974801
 735994780 874655445
 216237687 944772171
 606147044 692629674
 176528010 256857902
 982979361 992999694
 754517395 777520797
 536883911 745140163
 915587657 956790182
 716537509 768321823
 92746040 274175517
 795480570 869680924
 846279945 853386578
 416480857 993960359
 184802202 840237850
 427952447 658729743
 573086052 854482905
 65791558 334740109
 29727516 491124615
 438812248 856356271
 79438929 198560476
 765407959 985965606
 341689354 477402292
 141083037 907727921
 154801088 455025606
 529424557 578109726
 409658475 512788138
 256250188 908650710
 467750910 499020219
 800577223 996591727
 672557627 737642631
 171354589 894916054
 776878633 949529991
 660800118 867758446
 83776455 615807091
 654451848 803449590
 592143067 681287766
 734428122 817223929
 757301091 895134057
 999375435 999840097
 229442615 647465338
 32312872 739626951
 365905997 647711996
 784133334 960931889
 514675081 642485632
 746644938 934532569
 669305445 887841944
 29767025 868196320
 971760735 973932784
 640466087 879076338
 559670217 679986541
 332496829 506042183
 172391382 738381250
 440444054 632737645
 936786180 988726889
 7456253 742899640
 671923718 808616776
 977863929 989448837
 881246843 885123387
 671830116 800366850
 980395928 983336905
 286806371 358917440
 722433355 901625140
 422923132 795711236
 896947778 960974268
 384408574 722847411
 796675521 942802680
 467325498 685390487
 428588602 429739269
 454093910 491282033
 628663294 675043165
 411788306 475316977
 163719503 543832841
 390851076 863212173
 70954525 259820480
 32520204 998336815
 641362386 710745059
 621250480 686076621
 724881381 780739106
 613962051 641927108
 838383223 868360020
 487065712 563137502
 828589079 845970816
 365814500 521850514
 947982477 962628318
 980408182 986989105
 2729164 605898105
 208282220 423221232
 387006473 423822711
 474070301 744543689
 399104318 435934398
 362761900 392341395
 581127719 899257498
 331724318 472875367
 916516005 934985623
 358430242 731820321
 945396018 996940861
 426162697 717102958
 47574118 250638874
 208454257 455175207
 814069081 903317095
 922339225 974335495
 309390677 407040686
 181253705 958338977
 998296163 998734904
 641663280 835066002
 945829694 957973018
 861860181 961892701
 815437919 989127910
 983392207 987302749
 306161047 395081265
 331987393 840479513
 567793309 576288857
 161788948 396505657
 614744129 954905725
 430298324 963180242
 629297727 998462839
 379792086 631622110
 831585279 889952326
 76589077 612829216
 845768992 850724110
 770248556 968437225
 758186365 963659465
 96001446 704684883
 792223320 878486337
 904735610 980187471
 398363589 591711509
 517681348 888376238
 980694297 996155192
 487983409 575552376
 806500286 825819873
 965571970 987452457
 693025052 971883184
 422465781 958316389
 39727403 732650873
 100421935 578664003
 815560681 903709254
 838595702 857910545
 298769098 472106646
 970731077 977623306
 382238750 637595164
 966230338 984986035
 803969263 992681630
 164146345 812396321
 761883397 791517269
 764836686 876014551
 405592828 763599924
 702776562 883122085
 120653785 548638491
 34025287 240848176
 558283522 952233675
 834655895 929370876
 730972181 822013494
 567407441 993769950
 786289358 983032261
 198704953 799697603
 164925823 596969777
 420802774 774144120
 32149969 280078676
 67655564 736628305
 757867717 789863748
 954883685 992253366
 86859034 268588943
 353270819 829033658
 636189906 720279100
 567720059 947032653
 162917642 813373535
 173112286 267726484
 567653390 820017209
 573284567 981195827
 265206299 360995804
 61431699 660352603
 592904846 731715511
 201148031 872658189
 736882512 965044925
 111060216 845383035
 12385784 113797182
 22495725 792520154
 626709796 963772364
 410339703 824214344
 150327278 902629933
 374657191 481418806
 18173857 459031817
 751507447 947667543
 794938347 910713191
 202706184 576725493
 837680605 976778441
 348296061 711047012
 822455461 963950926
 362215315 729299017
 665532802 697417475
 833877253 986640507
 197965298 990275944
 276858022 476915015
 494718483 503675478
 627578069 668337014
 747440331 862180661
 651341309 727115357
 163689084 923895104
 48992775 578880777
 261845173 658116871
 130143464 258812561
 350589533 544497265
 552380490 864072239
 826764477 940888085
 281479108 435750514
 205404393 912341133
 964044478 988916504
 554431951 952823044
 517888292 846625007
 332332665 766086276
 849707889 918043004
 364439351 439695645
 758045100 957950872
 30933440 375832696
 657190959 970614380
 735090378 744474630
 497394071 710288025
 939662947 957770454
 861601853 890350634
 396070578 778461878
 655829387 657201297
 877103278 992139461
 641575825 748368080
 726400579 853805206
 126699582 678318717
 491911003 671905390
 47045476 156902197
 486171567 517679467
 481013561 937362023
 404884403 926919422
 975039057 979330370
 230118056 545349701
 52600715 609708286
 227915333 486082942
 545542488 656082793
 961089817 971699731
 336944290 398644559
 100921224 217267906
 272664463 928385659
 573077213 618875330
 775042243 987128600
 183400103 351540181
 767845190 873674396
 356125167 983366902
 781931788 954360709
 55879314 404212921
 541480249 756384379
 765472519 823510793
 246067878 863184207
 806132937 891163685
 323501796 574335592
 525591091 843545539
 656387798 939030910
 147742273 166507029
 602970802 717287107
 748029808 996603415
 293165769 876022599
 571214176 768212874
 657175900 716103099
 838527562 990849981
 717212160 882352497
 924827575 953446908
 936832863 975625198
 160243532 658499941
 679752412 787196452
 799768272 827963925
 766334090 849241835
 151825890 572744298
 1756529 348928685
 128037344 224037119
 496276537 527834372
 40059415 906930684
 192004761 431677361
 575908798 652884267
 518585805 729920243
 464248454 842190211
 612938175 793144228
 663974898 804051309
 219437841 543846031
 531830715 744358819
 151250337 168032543
 404051455 597106274
 474959591 892273491
 286125864 903162892
 818434905 988592579
 549772026 550152568
 940764804 972476510
 814633906 957967410
 967102778 968577833
 549750222 782258815
 32787415 484030640
 169518722 789278747
 694686450 805333373
 45665265 315366605
 814773103 965149503
 4078530 559333532
 832751148 902369953
 844578152 907267914
 742674097 901732781
 424296819 787012972
 295548671 819510035
 688788984 905619336
 375037830 827773241
 707358734 972476184
 607529284 707924196
 774354707 802935706
 336857421 927215430
 526689487 871807280
 521690490 606862041
 104823215 229297396
 952663970 959754256
 709171443 774061670
 465905847 890611010
 994586277 995362554
 281364805 483083018
 25020581 412162152
 481297340 530013321
 135644872 478824736
 326875873 335309933
 935705121 941375908
 806630627 974624668
 926067222 990413373
 978049148 986769102
 685695045 954293223
 683682744 797221298
 404778832 597108286

