1000 952259774
 736052264 895202252
 886899702 982110211
 728588604 990770355
 441379412 726967329
 556823439 889535185
 579974086 874721674
 699508856 886658911
 740893658 786818485
 923233992 949139660
 545841900 613852585
 963633072 985506786
 841978512 856288926
 13121126 393241582
 842472316 883332069
 918021750 970011950
 426521069 801317019
 63886770 125856299
 906653369 991394990
 461231120 803461475
 116523705 580687356
 145256496 504319509
 132147232 549524340
 888740496 998343638
 182208177 968269630
 235382447 845125121
 983572665 986118612
 751279227 980366102
 891275458 973683951
 5116703 582147917
 69333668 789981773
 568426730 974091211
 271195041 758975864
 924793652 989757771
 166590562 471399574
 858147104 936017850
 361217514 629215387
 32121794 251118873
 633624821 821730194
 614287958 878904995
 733220240 750189600
 740185975 995540140
 260632997 717594182
 197222922 283322885
 828410451 895859393
 995871962 999335376
 496726575 622794120
 509331242 980235731
 111668955 727771474
 463809518 645895430
 725163082 806901300
 134673248 296194134
 419711574 469709494
 853796751 932294153
 329419661 706168805
 318733466 963625696
 7219402 349536245
 177645521 888742671
 234152860 945498896
 250701382 856794102
 490975987 631397529
 828642997 916520070
 537994240 716461101
 59326425 143398315
 94214042 544243787
 487048388 732144175
 28681171 674791257
 829587484 976146778
 479013313 795764241
 769122929 960001426
 309325163 986251009
 157824159 993949048
 966836374 985323262
 520419337 520556039
 916207298 946207125
 535200491 992697023
 763716949 775022383
 603468301 831275515
 204308179 965934967
 584981995 916867457
 107118551 160969441
 819816349 878836104
 92934043 262170730
 166635216 668693479
 425732661 722762984
 983267292 996898007
 317029862 889159236
 713765922 912567982
 235138710 588364729
 761808538 994790727
 526749325 770740312
 933498154 939534783
 239755321 791214694
 945202052 971096889
 366539590 526739047
 40257117 370223113
 549870621 755146382
 835995566 930574913
 545399951 889164660
 382439378 621333341
 539399812 917941379
 993005386 993803138
 231812981 485087115
 94656988 979954720
 684437598 847637220
 942262912 968949447
 584788217 799371361
 223468134 761184880
 100504768 626295602
 34473988 431567883
 534476778 537672170
 144216507 661312765
 924139893 939213537
 313911638 484380845
 156001067 667939184
 270798229 508010615
 100598071 389215867
 671942419 738611406
 528316482 910023520
 584806926 827508484
 349115959 649846628
 759864667 923941116
 650790119 858880989
 404137024 412889798
 642948122 707232429
 775801435 907098818
 210998708 787099912
 642553076 710536412
 504895035 992394720
 803293801 971171068
 335705342 746171354
 73697053 674554134
 270566921 697263024
 575294344 661130231
 395644967 581597425
 168555959 372407464
 373381480 373581124
 220509402 310312299
 886639990 999502751
 422371785 611483842
 734125657 932634028
 164785692 801328359
 866928737 902291928
 950334208 997659232
 425765701 857656728
 188236072 622296188
 490294835 656573240
 844615881 861435139
 553639703 679078041
 682234250 734034326
 971178611 987644312
 997125632 997276708
 445399574 468197589
 206825007 743209626
 345283724 596086364
 634995613 854466480
 281162929 936717766
 773537590 956929452
 79061716 643445302
 737584749 902327006
 204787786 954352840
 234142892 578082657
 590044042 665667272
 386487643 758593565
 176833727 497505955
 111399702 457924495
 417779446 532599906
 634238869 769334608
 367149043 850867146
 185451009 603420630
 55002192 348229433
 997933015 998414141
 472359691 802417858
 104825842 919445497
 205533979 210506725
 720268483 867208466
 75303707 642957307
 480622540 839284768
 339303966 780891665
 441379517 487771135
 851204614 977841583
 615948932 991260102
 474830282 772355274
 516669417 948412864
 784837295 995583686
 88831329 532844313
 827289043 965114486
 68184543 418503287
 901893736 994802486
 927618599 941975277
 330802990 446680463
 392395194 606020997
 880547230 886110468
 422966697 953720723
 729073238 763632450
 314828135 664973349
 872735866 899467427
 18620143 658563995
 141241040 514665454
 182106649 634166799
 373054627 647277621
 709555455 878766429
 669628565 944036596
 353723495 611434936
 865874848 950681881
 550783246 969249624
 400707913 467147762
 986944655 989687156
 418288150 464699734
 307059156 835243320
 355487334 672444877
 911012301 957960765
 121981917 266567809
 142269048 724293255
 939289167 984689951
 958624467 992296300
 33026051 840790746
 749716537 913038208
 12229879 972782783
 523208753 572819454
 988566057 992075768
 300580866 689558016
 814223609 881480373
 130613693 862844860
 457011137 526839746
 367785449 952205973
 843756976 918039599
 492105259 538815189
 960736821 967782388
 363485975 464932704
 612638637 741644420
 931595657 975324488
 438736125 967009946
 269474314 839643386
 119689387 434433135
 323445495 864881070
 367676596 550944342
 694527920 715313443
 50945867 311160081
 451080738 688525020
 494689725 871783382
 538748984 990389460
 32659968 329600750
 827564217 987882722
 243851466 274009907
 852031643 882538792
 223836086 919508863
 79422842 128251207
 287412950 454492175
 850725720 943713541
 912430693 947404747
 241527460 380085059
 824108987 974939153
 207821820 406670839
 481114989 552897321
 112185671 391486480
 125253709 684248470
 91687933 822046666
 983417970 988880308
 528340500 679269680
 123627072 631736388
 243289793 252629809
 276849467 979934485
 975265103 977204350
 412113409 609826925
 897580870 965121939
 650770899 850225378
 768907827 995590021
 709531265 855435803
 531545746 797188631
 775884517 850185394
 841743225 850357030
 496755335 898777954
 753722696 919298122
 620318522 684144440
 91065454 628251573
 803527348 947554164
 783696314 868194660
 203456935 389134670
 126845566 510288072
 472503380 527417806
 190814758 521668540
 693477614 936568107
 466849802 765510853
 979880600 983681694
 222490201 980354979
 480176722 481740038
 360297466 626204331
 340719920 582692191
 811270794 930083340
 334001315 756582539
 234175287 754861967
 204759097 341108679
 4305359 666920513
 33874855 472860619
 553230088 578103540
 852699807 997191603
 176446996 620325349
 351119716 912324474
 654362222 937256802
 144927276 342127784
 209630300 378635405
 72855765 778180384
 560569542 946978677
 375006512 952621465
 562289302 921144205
 243237423 672875197
 65084781 295367792
 567609779 990463367
 187840019 483218588
 931510133 935167888
 157742147 243596386
 542060644 826713423
 669399849 788636805
 583516606 600793482
 464261532 739008374
 749594973 817958003
 791189894 975016419
 685511955 789368773
 161565129 550270731
 158786124 173296004
 547970255 730397082
 578016005 995605355
 751078216 763018017
 995360275 997822308
 807534008 910966454
 200135219 492808406
 283401449 992855518
 379984547 628915267
 759055055 809843315
 648511141 963181159
 842744045 957304511
 365982691 790435701
 668030814 805078595
 173413779 590348058
 783353728 891980890
 834306365 909588119
 9444299 955082938
 8537039 848846970
 711853557 960691407
 860813071 947469488
 283152223 341323149
 433499275 935948445
 586710308 953871428
 509555235 915228396
 106527185 860845340
 149484632 296376942
 679922014 710193568
 989224500 994345174
 32130714 125289225
 244490641 344125992
 500491730 504254541
 48580159 64178083
 372216831 962856968
 927023943 982688571
 17247860 460419477
 497923419 668328433
 364335357 958641807
 506728376 783132645
 954702953 995828301
 957003043 976886787
 147209560 911080885
 973793535 978277792
 590770094 650753357
 346884083 371359059
 765913350 801049559
 754439698 798108400
 342320378 959650660
 510278422 649474534
 848575454 937651747
 467036947 503604595
 449220195 888500068
 223186665 700284623
 412130149 562305054
 124550223 483587515
 701209914 862736198
 2749938 589823353
 144218387 228543434
 314941642 702217628
 779683973 962347597
 766688335 909762409
 284252361 740640749
 347347936 630416593
 365766476 958499259
 687546104 762916455
 190596479 222896857
 207092391 420622338
 181195134 830535330
 806879734 845496222
 492436142 631977063
 864973287 942645099
 975636748 978988338
 840504307 842837219
 811452328 958706927
 233924208 883605961
 610371225 819206299
 334861026 951240729
 322628841 954136628
 232714910 234970391
 877803154 999364295
 195768164 576769467
 844113318 879813482
 947433747 949071224
 948895875 954402228
 950834067 996808416
 182049078 583816427
 828377182 891325899
 745845908 885277527
 290635883 646366347
 337695823 532945664
 25487491 915784005
 314854223 656544225
 540264935 667681616
 458684156 992465887
 65280114 182098036
 122132140 725608822
 878835423 938865794
 703853150 904313548
 337123088 807129722
 546565784 571630637
 727837063 775370634
 24852941 209298520
 554926257 951075180
 989330222 991164738
 348104402 445297225
 303160294 720666482
 174681822 608895875
 177168978 274894791
 54085275 479626319
 579120230 639977394
 72980275 619648212
 667256487 968848166
 386354075 861393310
 440863090 688712646
 107398395 660928974
 408524030 872405278
 751052749 941014127
 623425279 792705620
 922923832 925493649
 832539319 929020417
 848809531 874063227
 111627576 185291289
 349079365 910686921
 125462536 530729402
 340003917 935556156
 654478919 673918764
 314193814 720197588
 116097314 999791070
 76570533 178295928
 765630709 908347258
 2460541 797266937
 556383371 930491034
 720911321 728839136
 846259137 939508337
 657919789 760682272
 788192567 822726148
 43179037 83255700
 380476393 639425337
 704335092 900554271
 834561672 972190387
 880791378 927792414
 691908953 785825313
 899838011 901563961
 262910728 581935193
 575280763 649329355
 22092248 710962622
 966711088 992491722
 179380966 322589838
 886307295 985599451
 887622813 977580801
 827336443 968999842
 895344927 972917256
 551685558 943802139
 559210421 681390731
 104316909 830493923
 682904752 852493795
 302813152 878399603
 530499991 722099059
 531497856 847321956
 210581797 357359803
 786181041 905758401
 969728396 999918096
 335501284 874597389
 407281028 962722085
 935183883 937872086
 652571010 920764208
 42926611 645306136
 359023926 441413020
 5153906 562927382
 783173544 874009040
 434868276 629707213
 90700726 386497760
 178548980 267219603
 484204290 991513529
 867425231 953309713
 270671705 399328659
 531928778 817249507
 641301847 812575692
 851389324 871856127
 778478075 989107479
 741990573 822019250
 265547403 420341512
 209837402 433443644
 827148883 830542903
 302134410 981545808
 61062174 922081700
 980794260 998248596
 896793381 913512446
 648269165 904481902
 457318171 800987566
 213919674 692865216
 444775751 951048541
 93053569 971690927
 416346606 596226562
 509011816 515107759
 98898961 516545636
 693781644 701648319
 151264839 685554526
 453047243 891439897
 350142659 461598964
 981505652 993871326
 26089708 603248828
 146491716 849193711
 464473964 515656570
 737915995 919963476
 945231167 955065881
 802686946 932673021
 610114593 818731252
 230984747 715329943
 883011515 909854493
 108310826 159284695
 817707831 883088557
 606006207 874621792
 298977497 856947448
 827590206 924501313
 174900499 611900692
 194547959 267022954
 772087377 889201789
 39941645 511581219
 378184322 790890916
 907461094 957122751
 207613750 276936266
 193979410 222344544
 581173220 996984194
 317666469 963521777
 969203429 995558880
 603171449 734678445
 193155592 593753754
 56433791 336278470
 91589788 869890823
 273093781 712946084
 335655171 866843301
 320474760 642745228
 251701626 984197186
 527653450 545646773
 520726803 754312610
 785909898 913036129
 845896535 924343373
 606253466 740958788
 52234240 931507353
 206253808 883840215
 737522181 856645458
 701486491 815710423
 660858618 690306055
 725081092 872405525
 48669636 78833589
 982249287 996756148
 785422646 937170718
 974004642 983918574
 187319476 552113904
 840265028 937738418
 389228383 520245583
 211983361 337189880
 814369825 968365778
 380691102 798871125
 685102689 740423980
 91381037 363622556
 910705527 964304117
 51729731 240757203
 551732292 709794476
 509485123 962206230
 60400404 420335583
 895370009 961165299
 702566036 923409013
 699078710 827201835
 721522246 899759501
 334527437 794605007
 90042143 826159277
 997061344 998236183
 187446415 770263809
 646607964 764207267
 613173139 671687289
 908930381 930770967
 221967647 544517669
 231526231 628413424
 644533475 877833297
 589087736 848027730
 560223373 651771634
 281229993 871176142
 793872859 827775304
 679286540 856329569
 722820507 866896719
 289790624 936113852
 554092363 934751009
 772116643 922168158
 663089335 989566656
 653303128 831537138
 12471067 296451700
 929543041 962586907
 583810336 615756807
 654743928 701480371
 390432136 471046108
 20766900 554865529
 437054702 629952412
 694345775 839544806
 130080796 166837241
 550067166 629088668
 637463458 973266242
 599385084 729114607
 156437256 699224611
 858855821 966080624
 766923087 779340224
 488242882 717555822
 380373804 540035966
 734390104 910790238
 825100139 914711598
 278680734 446413960
 710990135 906910479
 757632586 858573281
 10654947 273942404
 688103698 903187218
 68870193 672428250
 907738467 995492192
 940857423 967301601
 976168875 981293930
 671652716 799761702
 637240373 709691639
 135721417 706681455
 980718733 990016512
 413942220 974184673
 793855191 828004057
 305397447 939879294
 499977898 736371388
 246681200 276953311
 70127761 609326331
 903995036 913083063
 579390774 692560678
 37579931 228579533
 35380083 668283150
 903865122 920781993
 210671271 383930655
 412885307 428998345
 262744985 317290622
 978156843 993313099
 881807252 934385750
 99005054 431391064
 13124112 38262934
 230766225 605071565
 858167396 891436847
 955994263 957351720
 985235077 998095660
 910323793 945383384
 915434700 942218650
 217446539 698656943
 867907416 994635198
 582899377 692927797
 532539906 773534223
 937054878 962096668
 26120169 261123787
 542133552 673870850
 497400845 634730188
 235940407 950206273
 700391561 920697207
 591638295 954167078
 13409286 795213278
 956800845 967466871
 291008359 729261617
 196350453 978599314
 89607173 915569796
 686594815 726914856
 20773232 988461383
 204074707 204273808
 45431959 856931026
 248532651 476331855
 734471839 979143345
 988215812 992397360
 359275144 414271419
 508237751 822751810
 581641995 843113162
 37426103 864654352
 58975444 951659431
 952506779 970406972
 464420109 655485548
 655560478 746021174
 599620804 890975161
 491741810 579426683
 675796478 856207574
 221731122 931549365
 454947036 623670535
 569260843 779119925
 882267986 994661980
 273353886 345915799
 365938286 942800416
 326002672 428973622
 624540201 745637657
 798978228 892596931
 617410165 773283252
 478709954 584562290
 586182187 660504162
 400347555 708990052
 946900716 979217944
 187505015 498183205
 988089222 989744413
 860458461 998236508
 473687903 669569088
 330735616 841600914
 938416453 942967393
 998460878 999206393
 833015057 936409793
 569133200 744275338
 515843471 567217361
 228747750 460072284
 161064441 537911702
 41233363 763231086
 888787722 889178477
 745905970 962209964
 651331440 749068545
 144381031 686525478
 559744974 629470232
 435481442 924662786
 922406117 984116883
 345980348 587734970
 545026764 771777200
 394949914 440130966
 976711956 992241509
 481901966 523330632
 723307347 970061026
 147503572 912494901
 985909621 993145937
 476025235 524563584
 193675536 643463692
 480914830 501455079
 337941649 889854729
 789871577 935898809
 974505020 990176785
 840814841 868417406
 768154834 980388598
 769660476 835080704
 158055572 953802671
 180792544 845785773
 578374928 916088071
 29036440 787196153
 793654008 811264029
 688927335 784487844
 462269809 863343884
 37136884 332742376
 957128285 963272256
 424682151 526975756
 841919253 909566331
 606064349 728199744
 859624070 985428223
 474949477 556172052
 440571581 988526901
 232741151 575066099
 847484125 953789816
 997188417 997867210
 104417645 353104570
 660787245 699269167
 832932029 858574186
 587322175 877117200
 365737808 390417723
 242876487 760874487
 492317056 933312125
 925787307 959606269
 777785005 931062378
 554102708 911512652
 53078992 155875582
 449738632 668415763
 264140063 283839157
 960472735 970754434
 985738186 988711083
 130146140 984125970
 696971049 941800900
 430391992 771974014
 664424571 720084457
 281184232 470165293
 325820903 642065233
 493562046 873097874
 119917983 322372876
 483669284 507351380
 190179163 764144542
 276917734 861861618
 92600928 249552350
 765575158 853492122
 660083227 673283594
 785005240 899251753
 515645991 843746418
 711563397 758994014
 759274060 759728799
 97135805 315955575
 434681928 926904252
 590476860 607307496
 266030961 423383641
 696666116 986837027
 345780693 509605722
 492488819 560282181
 743341656 968777175
 309866482 947609408
 124598962 418209709
 174686550 441982683
 383831117 745908489
 632206588 702277966
 44284456 239531503
 317763814 388380413
 545639270 768991544
 242720206 360910180
 417295517 476063400
 34530052 452450601
 539819813 691489767
 602360188 674637032
 123199186 373409537
 250697567 462434869
 877308297 934733958
 601066810 937725596
 244066158 285702837
 292084218 979778841
 923636053 965896291
 520588317 623648766
 823827341 926148678
 113943510 296066152
 112462844 772555083
 993199374 994485603
 191956452 596216302
 422201946 563552708
 151103996 974817666
 37674092 329914921
 415039189 880115699
 888865788 990442391
 804242652 998356189
 211986438 540740408
 595832241 684511373
 804937753 933040928
 736885017 743177376
 701091479 752372663
 722582208 994019713
 872981123 939691992
 104360833 440196848
 390520427 393747507
 815749075 900965884
 135223906 972835120
 632805788 655742503
 244986333 926890745
 253297441 826523038
 403977976 597151575
 360551575 778391120
 776900794 892314123
 417020684 980362363
 26451107 801260919
 803025561 998800043
 808484956 850676928
 647707186 655737125
 617923622 713541416
 73904372 843184016
 932230791 981825362
 494661784 698370507
 835592747 942207982
 819281253 946361472
 111775495 299054267
 801819773 939049358
 856725655 901228873
 471827407 913089503
 459901670 697864116
 73855129 248804868
 9849201 292335601
 500362251 815109486
 23548939 749832508
 552965875 887554746
 513553947 515183350
 437505654 561583886
 21046992 427078927
 751418371 772573242
 214667311 418751154
 870691944 903952706
 193614706 428384949
 432582967 668267387
 492205817 671906760
 956355063 980743055
 252715350 456121534
 450731810 622037821
 78136520 454575321
 647362635 671781574
 116716088 541283588
 629224434 759167363
 613431346 764070092
 225433839 904409061
 249441504 636190887
 755741573 839139367
 633728790 792708298
 425371921 572739879
 13060490 84101627
 409470380 643580038
 414414612 748498685
 607564859 692673194
 404198697 572813036
 994838030 996018810
 56894309 983612255
 555482801 892826760
 896040505 987317111
 926568624 988421650
 976488500 993832891
 42630830 725065183
 99308059 858431649
 322027387 433591530
 573010205 716105435
 612635305 672316666
 868743164 941154605
 795195201 922310155
 739791058 869152923
 181824969 833822192
 186429512 842275626
 990887639 995933179
 337988497 479913944
 924746868 978194495
 209806023 915973144
 336128695 639671442
 463052812 535488563
 271676246 575900966
 127325012 180612343
 329135005 882546240
 369529598 378101772
 81452824 544040060
 114261508 706562325
 330228765 334311910
 694506859 774671825
 468242879 888376434
 45113969 712041678
 552045634 745803410
 210557033 357130334
 630328294 891795142
 875400657 894870338
 862394736 901848231
 389842129 609176558
 816024357 965581305
 725030265 784478376
 615405133 775910106
 5307101 330785606
 540183696 654084154
 299637683 595045992
 650138933 792390858
 283786637 892118700
 974770785 991852769
 382853968 575275842
 58637896 121536420
 685018436 706028816
 463243447 583970359
 382547255 897159453
 237923142 328586639
 95196251 946629503
 893396720 937579607
 226464513 272496503
 49430439 465879707
 114001889 574284513
 765143423 911197361
 858122785 971977016
 328057775 892897932
 430803637 669378098
 803176389 881865577
 377421544 902952849
 453380031 912470206
 838864562 881440723
 742909614 901659073
 205935928 487325285
 285856080 849975309
 632087416 890812660
 462802659 906881899
 539990827 854845973
 21671738 461502778
 668883339 830305300
 241417897 339284107
 611466591 626672593
 535603569 839176772
 672784496 899145059
 968470282 987819652
 503450755 997401928
 204241434 239272095
 763834679 931431610
 458054236 893316194
 201999310 615656908
 518403641 628120048
 64573915 440292955
 676996933 783025559
 472536213 745859202
 475193181 488636896
 967555391 969294909
 963178105 986504064
 119357496 602868714
 779900406 844810255
 602698828 841937372
 633544431 989921715
 888292429 893556378
 106516468 968320662

