1000 297193077
 908281260 972797952
 791546465 931523073
 152791855 934257039
 675633390 902900310
 643442869 886551884
 644367141 711078725
 838359010 986193943
 400007357 689562446
 819099188 913267931
 77198016 318436549
 579980318 598768986
 123214981 783178207
 578999863 768731421
 479096967 997939305
 573311025 642165062
 786727924 896152458
 835644778 965240930
 944621171 952226435
 227176072 578944556
 278021169 292907209
 201622613 466138315
 406175259 664160961
 514967589 750545371
 488084334 893446206
 530760192 945604543
 986741551 992069709
 845776023 866047731
 216655915 815286401
 995328806 998194668
 717622314 757198440
 186713586 239344193
 9573618 323826534
 65709815 927706710
 889628470 983267835
 711052224 941142010
 26839141 295560887
 575394935 760432247
 271790466 287681765
 108671728 458958688
 558781522 640703458
 223760310 412759799
 804864295 948610860
 15946148 800682122
 435134503 683857202
 498669830 582244887
 584169085 716371295
 130580895 489776104
 3565109 11163814
 103264528 918495042
 731278928 817214200
 20071973 265423864
 958586517 974588414
 877437820 929197018
 504060913 854063629
 445426800 564606790
 780973183 825004354
 326371139 735405246
 171187635 391255267
 304843325 631669770
 536349547 935786873
 396192758 679323655
 448421356 749587091
 437919518 875945908
 118624033 394117938
 870478796 949557450
 621990478 738434016
 449804836 558806575
 503044667 974697799
 183739495 970528034
 492989500 743658699
 924787683 986506895
 432020472 917851608
 927424237 986745940
 611766923 855201046
 545656719 856833408
 57736581 456377986
 793015737 988346063
 876930800 900329779
 912403977 922313753
 430623552 663830536
 424762037 524575360
 832525193 931298666
 806545618 982268298
 961187842 976494951
 437055302 650870097
 29234405 803070615
 160005254 944651674
 854441147 997134929
 569541228 720401649
 875264489 908197141
 339710576 850659833
 757273808 837700519
 578056659 873521376
 433169488 783828392
 176708238 625097515
 4107674 251532216
 692729003 842799360
 313196703 890333860
 507167906 810962523
 545572659 852181786
 281783775 561553018
 151021162 516847337
 52813372 819234877
 893259650 905700451
 80525701 644798050
 100762207 503565138
 301103182 664482060
 61393116 251105587
 154262290 492202482
 851627433 984389675
 98877215 650523246
 574323578 819143025
 522827236 705135232
 427221198 626314723
 338968073 376662224
 241215763 371864069
 373704868 919044526
 354555454 844862020
 181868984 488331379
 663010878 985941764
 288083314 620548029
 483102007 671188906
 418726203 481566979
 512212129 634300389
 416182894 678525383
 968986840 983325088
 819956173 980036358
 83527251 209226466
 604151303 612275755
 866743718 901328878
 351749299 951875801
 931334129 946170750
 328391173 496865089
 231135160 401355237
 202455039 419643215
 45317982 160829486
 48661725 433342683
 689056976 718201401
 857404722 882589622
 311581362 826954396
 118835842 134872010
 10962294 858674592
 610870852 817615102
 191808387 459797784
 358169805 365735522
 694604358 810297785
 202168243 629105575
 18428565 575513299
 884986419 920626612
 714245263 861759254
 481013542 627946979
 301122237 618803424
 143182545 751409376
 535523542 632161872
 468642964 952642186
 907971283 925165563
 602281133 732052023
 193262154 304199030
 289027542 472705104
 262830022 858154540
 410755437 965820972
 387354898 556227218
 653377082 875471663
 927057943 929902743
 129953885 838089633
 697368660 816743204
 599798751 617629204
 710818524 969759584
 236723013 824597455
 122308562 625136367
 518442340 600993034
 789570813 838680704
 970040448 976228077
 374999600 919157192
 859832400 911192046
 52711744 699039586
 380439582 539084734
 95788605 825959261
 587542412 669586905
 55937372 750915375
 914674731 969206393
 613236411 735926160
 420636755 770003807
 989629765 996516717
 483421004 950150594
 805256117 941836991
 607801370 675862691
 882879737 921085956
 925672476 944296289
 248230216 975631970
 980660778 987224165
 643586180 771767946
 676496602 731418959
 115887714 827454557
 824982005 991122165
 321236771 775633002
 517461294 519170905
 166828254 601726226
 718178201 939562590
 880422082 955751944
 495481051 847428137
 991503052 995907529
 85521493 786720148
 768307239 793153474
 613963435 930281355
 94718359 527903193
 301149437 946288653
 931385721 972252787
 264755096 678682510
 519674119 651386545
 946075287 974238032
 603577345 718436406
 213588772 714601835
 607030961 985137599
 43043345 229831322
 47997599 917105513
 794548269 824465963
 778901408 999391341
 880780317 951828134
 506558027 562006969
 56697007 966861376
 186100581 315337019
 679762114 888037359
 897465263 944489640
 448874049 924720421
 135912574 517737793
 173837347 222617620
 362652369 799850685
 902413480 966759013
 128563226 290370006
 251441890 380111914
 616171980 791948562
 551497429 981846874
 833879004 966098735
 549082473 697371725
 280442043 313042500
 534785568 938305251
 886783758 899619348
 334942796 993333745
 390410895 390761861
 374265415 704668757
 910192746 950308336
 131180137 325024287
 433628994 699469818
 307106774 824590760
 891197618 962154832
 702779059 746651980
 864255991 915592101
 651322797 876575045
 416271753 935617254
 391684438 673616491
 970920419 983026889
 510183084 813924288
 849901199 936611761
 151622230 421212599
 963426897 993944987
 461704086 802649353
 442708143 761119405
 944059334 964583141
 148113209 378638350
 725466400 740045487
 918953785 957243225
 711949109 907656336
 992784750 996503459
 269243838 995710023
 939710156 983337572
 228988051 371178798
 508875192 654992500
 102218885 596080296
 520427317 698993351
 493361507 523076316
 839958973 868701373
 769859833 888765124
 274349938 367216189
 299968419 903310419
 684001314 804766265
 106730188 903815937
 121981865 506325349
 70287939 893925939
 779973731 960233397
 577159333 976780117
 571295622 873159283
 233812879 959796314
 537097862 714683986
 64248024 476363210
 217079192 369359654
 414619437 600989251
 357231169 499730294
 81454308 373630266
 174755662 475443857
 146987890 720961646
 920322705 940935867
 476428536 640709482
 39257216 194527493
 719688674 875681853
 955552089 959481876
 144675162 525511230
 246790266 781132417
 714726652 796983981
 477987406 849120183
 884802968 889449541
 465791757 577238627
 162019824 496634943
 426351395 433356101
 900417257 989443913
 675830120 730545748
 882462567 904763268
 408232787 855838810
 248299147 759813760
 338766818 629294076
 89782898 327162639
 281013416 349733507
 504438585 691648742
 309921314 945013162
 643276915 894378148
 608731410 640685649
 449160562 711728164
 443528406 701101176
 386865799 867492071
 446659975 790864568
 582075028 813214118
 461104394 915402936
 626285536 752948913
 423589293 497950409
 946068554 983255740
 286864557 359720568
 129831073 273336596
 705330649 907525472
 697264282 788140941
 996343294 998591706
 963729177 992324435
 109044633 878074746
 336114277 830192533
 582258419 913825369
 317931009 464649947
 158876582 298822646
 625129633 662178459
 189283113 633258617
 489395513 585398755
 360480477 810105197
 375598405 637708901
 49611345 415615472
 961737741 962717390
 456775694 577092456
 921870346 927903751
 725471449 948963752
 190834424 440643072
 233510712 853649646
 222796409 242676609
 62797902 514903619
 10642255 458315427
 711451622 868703647
 173774208 230990790
 326141530 601220003
 128976215 979010055
 723876283 961717360
 719131016 986110042
 92387278 431592074
 681594918 689372038
 525678657 613611324
 661176100 917043871
 954103034 992404404
 261089634 681427602
 610580299 948134501
 399411619 673868186
 494263576 645895287
 972212819 977664510
 297394077 662603085
 968505884 971684536
 596500108 697566921
 406811469 549701766
 255656544 591852226
 792400936 944657284
 602522464 866035144
 272029022 277407225
 369170739 915100450
 694635383 705051503
 755509191 826810911
 814142338 896272897
 113088833 755963322
 681312342 894608704
 577217682 642166595
 922972016 965879268
 211874787 764734066
 985332453 992310272
 481250687 545632566
 581459499 961791150
 70838260 279525122
 672337048 778399731
 857071195 941040227
 678948465 866909321
 984008759 998723703
 363348894 495514231
 740709770 934323877
 373209875 479372458
 185450312 259036801
 134386628 668297826
 203916722 395218918
 812651696 916305523
 605508397 917441308
 978745744 982349978
 882706962 950929488
 535533178 966208954
 812183490 941839912
 895600923 981101050
 703544495 762943632
 921322333 963132136
 122144217 704505034
 62521172 694451693
 781072400 781122573
 420291471 869021716
 31482422 974855612
 288971476 441801413
 349029264 503356256
 368593792 415417760
 768964803 953305253
 241608983 851349738
 23786379 138115824
 260314752 779578111
 391249623 874559406
 388262930 510125797
 168337770 551541355
 316950867 326679118
 291063412 587431228
 984944014 986485025
 743488432 866598747
 953345170 977462716
 999705911 999886587
 767046398 802475420
 446852983 657265227
 670225803 685958521
 947429266 996335243
 539259120 796604563
 77764664 433366845
 250435339 953478728
 308319866 750899552
 207334534 652481583
 590844578 983954319
 433501801 953968016
 83514588 175713526
 760851362 821681490
 927609432 948775435
 931679152 968614896
 227450825 550213269
 131778819 202011844
 480099859 532541159
 168005414 583786904
 198770933 529155541
 117351017 880146230
 646088814 686447068
 492998198 871020771
 693524919 906476031
 690903654 816311117
 355112346 467652984
 352145881 705241076
 660884874 770965308
 72851070 728951100
 407536227 826620191
 120316249 843417725
 228872742 405733453
 607772790 772877545
 204740989 707653885
 208054094 409218686
 597053620 822723114
 915069829 990620112
 807604434 850687816
 805365819 996832288
 754049339 977972412
 440813608 518388500
 638139326 857461827
 651468048 718040154
 965029247 988441808
 419545041 884228098
 747066427 760636975
 969838191 992784406
 756988608 918414015
 297570362 920511984
 395021623 476306227
 372463326 962846650
 569973352 729908656
 910988255 934434976
 935381114 988097418
 640167531 690462827
 183349723 735103857
 884197417 990544811
 609949391 624196202
 100901427 210221032
 179708133 682584496
 593938699 651761248
 491169500 826348316
 487174749 724841787
 659368918 776387860
 253407427 893729881
 828810088 925860939
 318751023 788349409
 963947267 988520085
 692556876 825861320
 135078123 964603011
 322412572 394361025
 236850782 269230150
 700066605 901015040
 71207375 239510662
 230229375 460117130
 345226780 518084701
 909501388 956804875
 95334606 181544171
 841970586 948679704
 73393317 207572134
 269498251 949198969
 575081779 948434935
 322752409 517175330
 970015994 985939100
 364605135 783888646
 308627778 732768648
 894137093 968773391
 662729411 696933867
 863008452 961829873
 414643616 819784066
 269886749 602876217
 190442137 938589204
 484115821 736652679
 439073207 474998915
 989087515 999944870
 501097391 929709997
 173611784 932540688
 358118295 751874931
 844200926 854665930
 574079506 959628972
 686392525 961960387
 256540142 508438251
 231410210 642226655
 814449488 840514762
 916698963 996194598
 648544605 694690697
 836583235 896330940
 157089718 405640114
 248572077 491123927
 773138442 927679765
 695531041 768240441
 42401834 249280331
 152546177 916600645
 114966924 171442257
 125839789 472394270
 121572718 285672878
 12577277 834057071
 149282772 951831744
 167813822 825887361
 135213321 794998624
 762458291 904009595
 477641361 894300507
 269421203 855771657
 457436143 491150738
 500467264 946976172
 733524991 804191986
 383558892 991380408
 489858938 676124965
 131731537 338986814
 702898955 965013789
 408614405 572636630
 381092444 525359130
 309251264 672872104
 159221291 572623645
 719005052 798752969
 795825099 952139093
 368909919 694995685
 968309836 984305383
 772777290 835098693
 387353345 846986273
 1516536 9355508
 247895251 758284449
 985894093 991174376
 404942526 800854883
 797369957 896421543
 513554247 590471437
 553432412 859282004
 362662076 974015086
 302346256 351958259
 308360270 731739991
 602622456 914559896
 829756055 975880302
 195931579 263929307
 690405445 702080336
 150061314 304323945
 397079508 808485383
 198015058 255452122
 902142781 917733830
 407287707 571478568
 406912689 440878614
 795192175 943297326
 942075222 943288021
 193014338 523359473
 906423194 982757534
 868769357 929461481
 614821890 859280189
 939561246 997023623
 145516762 478163197
 207350336 300892675
 734542101 921520345
 301092014 321878556
 670025777 915876609
 284798307 312305809
 288048511 289405590
 649432461 717472478
 461984464 962491109
 894996043 928593004
 895112011 971033664
 330885843 668221714
 702788965 849415607
 77880845 494935627
 665978443 743957898
 591864845 782528756
 567841459 779805062
 950853383 962244772
 738713568 763666812
 349499748 575606795
 589298654 871935553
 940034775 953023899
 980181815 986512553
 50412770 313312410
 775955387 802238330
 798302749 993151581
 890790286 994501787
 577014973 955393786
 512921415 750549522
 222958441 925377966
 481415995 764397584
 384490476 865839848
 797111870 971566245
 799074723 873791155
 413815810 857572019
 963418418 978825619
 618530999 663148107
 635546402 836550092
 229601209 982604465
 728172306 740487535
 858214511 919543055
 737744031 763760664
 83306790 920476296
 886054501 969442975
 314800803 505922002
 695886914 922202297
 54969653 447745255
 774543719 826488073
 630526636 683783174
 592037015 988387430
 561157555 788930092
 559681816 960689918
 435130063 884520302
 991447085 999662232
 761735787 943484428
 704345695 856640565
 861930781 935594810
 917069993 959626645
 398815064 730750456
 598788063 682671826
 824802372 940797054
 903392457 984263862
 552163010 776629772
 911863635 951713539
 607901537 827627274
 917461821 962650245
 542435311 624407430
 734881097 995796761
 979187900 990023901
 44092711 109759249
 880068241 905154840
 732103459 801310586
 13566781 604649082
 67881717 341066383
 285505458 942384978
 203401467 805888174
 476979028 941960710
 419087513 551126277
 757230275 907014141
 667837329 930892064
 584028111 728973836
 502626035 915874577
 948950386 950269280
 925018371 987023693
 848390021 939482809
 441868762 742497426
 279753377 301288096
 910088626 935871345
 890004102 985488292
 399580571 501630801
 257109002 302295113
 892892228 908801047
 212545820 740957880
 121749787 384914537
 69372340 129005445
 226477761 678721285
 182756398 321159500
 94497458 185408969
 395945722 911590623
 544992669 573707194
 37788280 819557112
 746629174 878555680
 576455638 712284123
 475559854 509678173
 73323964 530488519
 653023666 866661692
 141841761 656687565
 200161405 312172657
 726668175 969087869
 938837037 948823232
 985371773 993556160
 189441893 418608506
 757763593 954060293
 299741361 897889844
 317203288 429540273
 833621488 984033386
 83278717 392025293
 916464703 929804527
 170160870 765367086
 725598962 834204625
 677252791 881952939
 453240221 788744577
 415531207 425246881
 564071421 737099213
 560623816 902433497
 727526076 898964750
 220205652 409846143
 688736488 929182250
 139671464 457228514
 490852832 668965471
 538457330 807244913
 444399230 576231912
 621787449 995579291
 1862687 906191545
 48090681 844748084
 925979893 985538814
 636563224 721506854
 549547008 569214330
 260888037 808802403
 377261071 440758564
 500592758 617800644
 501327299 851467771
 186425800 376698433
 876785017 881541845
 473327364 724259969
 714996268 842183967
 871560156 881934810
 425369651 678301814
 419379697 513192107
 99285239 109386404
 207350228 540734262
 643519135 764290099
 641968777 800788681
 188395335 985665646
 866456196 965220523
 292807703 376582303
 498070926 543254556
 570792066 749928306
 342519526 402334627
 756097404 813099211
 737052245 919133195
 569639535 617236253
 38524998 211824304
 902718362 906750101
 421233894 914164798
 855913161 943244236
 137128414 263737721
 786709927 923825087
 373668238 455232701
 53670472 96075488
 295247117 693626699
 953390797 986136384
 7774672 364005293
 288883219 498729858
 512539795 515934265
 239830205 265616435
 633461463 783746807
 754089457 838624646
 74937132 790450082
 958452031 986839794
 751444609 996970415
 291916175 934835255
 859723180 955896363
 209498787 750202300
 945470338 947403182
 156086077 385870771
 324001919 985597718
 696263636 970793995
 744251891 944720309
 197343397 306883949
 107291349 507287984
 409600879 427144982
 240882984 244077565
 98848699 330093930
 81543117 273963852
 866321934 955323697
 719054492 803053519
 588747655 681391910
 313431034 613669017
 145960337 377001456
 233343200 662643356
 690151477 713148478
 569246378 590432297
 522473010 780580585
 184144491 782380615
 30140646 115425652
 439835344 664392955
 117862234 590999745
 24863518 510193835
 45913891 792070904
 108964217 660771045
 350743056 978564890
 875640015 970124090
 446875187 637369914
 51818028 508991538
 73495628 493026138
 139612619 895640606
 541759175 831790436
 549491730 565394369
 280929022 675088756
 196037110 834008170
 773269635 883252795
 502958376 860441263
 813595433 974815453
 980988444 981319816
 990520308 991009347
 41896339 62420685
 805179159 879476772
 394788609 711620810
 206834497 763269846
 828274868 992516296
 209736482 588934977
 67700654 771014690
 546416533 864887561
 50701126 987876667
 617150609 635852914
 980523274 993500314
 590759854 679906092
 230457021 380046140
 482548099 819744425
 636524157 990926218
 733529913 962960303
 184658759 632647338
 543331755 841066795
 485021461 564141658
 940790455 942091459
 830823543 991694436
 542659987 668970774
 504542755 720369174
 157362108 507036666
 384156283 835243959
 406551365 441856242
 946378870 950974093
 653026782 975946557
 294789159 349911907
 586210511 653744236
 252486633 270379564
 979656777 999055218
 916704185 989049917
 717031512 845140825
 279865294 589239071
 54470697 66072503
 635950285 978270046
 941624770 963560899
 385327012 402254186
 927970820 979042486
 592353386 824259840
 227842515 770453884
 381950183 618775059
 433617021 566122662
 271983421 955838623
 928425193 986883192
 320907265 706806110
 244253899 331743700
 524297563 818487461
 877499219 948948789
 858156961 997597589
 136348202 490044003
 293238386 856009659
 563563661 656146202
 873825167 954023910
 638240921 759548423
 806830038 930193951
 167706544 617810398
 295504960 830690172
 201559425 393228934
 229132458 809564174
 165270908 534823260
 602383660 958895391
 8232179 32914459
 779202302 949931419
 10244695 433935364
 772585769 913305374
 505184232 944815809
 180977524 439796675
 982492919 985553964
 50825746 193769269
 21188768 378251381
 352341438 691877491
 543690725 866999912
 207768217 208880444
 336574355 989640451
 915699994 944726125
 130957606 649918613
 993909856 995539606
 230942865 437938918
 960719150 973925742
 58549755 900931269
 628115046 831720323
 651552350 897256433
 424483751 644214463
 378934654 999433527
 623526196 865919573
 467713 254514487
 859256405 936421835
 358358524 964627302
 6241556 779166638
 488985127 989287249
 149753669 817951754
 573343545 896648880
 581452663 822382059
 893503845 936309108
 277127126 854411668
 558544290 705253871
 278781581 878650150
 927076876 944733922
 8334683 777380996
 741732114 883419824
 560121032 674404720
 814995826 917600038
 658008555 785611475
 704914866 956415277
 967607409 997725685
 795806995 929782337
 725229908 838137408
 959287751 997819570
 79664893 842075108
 356926501 914339420
 744938623 838429442
 739343336 926565828
 120885700 198656451
 275622472 520593434
 642315402 692602070
 296454228 904096363
 557734279 785802097
 526601399 587262067
 874546996 876244188
 249779428 708643337
 59712726 549333768
 434855227 914307432
 25920174 620270872
 864346872 943075074
 760616727 920270307
 155732475 314082189
 910789016 933055350
 271367326 815077233
 896128134 951946388
 512811234 652198979
 690901491 857158549
 297630839 550903151
 660235065 915335692
 119203301 334361139
 409885185 832896834
 605740593 877496288
 665737509 961149938
 23836188 981228926
 120684770 246993312
 484943723 574241812
 947510060 952013185
 407980343 494457729
 613369356 731947803
 186935678 345988989
 685989358 984831732
 210063092 277692315
 29485947 860040531
 979500611 983845414
 821545684 875850429
 125359363 736865145
 793528115 886634866
 333454167 545160961
 368384542 832610548
 608057272 794768297
 32249731 611968542
 409911794 603941779
 74665431 458232798
 119670550 298448272
 243794402 475147662
 182307182 793806768
 925892570 961767387
 123831751 931710173
 805134014 986163718
 997022855 999201673
 349855879 380824706
 990077209 991397660
 539789005 795568975
 238922052 711746537
 979157329 983000292
 951072400 977764746
 416621142 610045700
 491725566 537765176
 87182584 170779241
 167045715 461693457
 44517442 771817490
 456270917 725452654
 779744716 816133252

