1000 360993357
 840078218 884876027
 146626365 455906322
 743596279 791358716
 632681730 914385669
 330938890 373674410
 814684916 839094426
 55603844 342140849
 977211913 989479086
 412366909 641379473
 221899041 914690953
 188444960 709842763
 18472269 877112833
 523971185 581401662
 944448621 964914751
 180062328 607713054
 56424241 645861181
 88619300 969218957
 645394948 670900484
 181196214 719643175
 984000248 993157050
 771452103 918383767
 346851271 650829034
 253445467 789422464
 917310682 942808517
 712088557 741490621
 878421271 925998874
 171260701 492086552
 16961262 235090627
 240388799 880974768
 35935772 118723875
 159828424 895415432
 547761657 555438933
 941969659 966881537
 941026820 941384044
 784193229 907116762
 76352190 583890928
 909616940 965948352
 992716683 997441905
 922557205 931974425
 661083955 667893259
 971103500 978792010
 613369881 834652331
 489847382 910183628
 900975909 951763000
 5310326 945978559
 192724781 224469359
 99762768 840635451
 69131427 899422150
 165612374 302436246
 931367745 969528959
 552169973 939925919
 203297737 239796287
 746000712 808928142
 131357794 997857320
 818137705 882630789
 377843085 464303722
 772028363 947055530
 427842166 463230448
 197331926 614051316
 178647022 872949213
 14660392 930669624
 32956100 444212838
 511567206 807813993
 192770018 368147068
 578383241 927804432
 652834111 818616545
 210210502 720363061
 902837082 911391521
 921679646 976960808
 295374859 364258654
 990691170 999158721
 746248467 779654768
 101478978 116453760
 813458576 878510815
 60754676 801693273
 746607000 835112044
 9678210 514065917
 407971914 422729962
 263634876 883599301
 530743807 680562555
 650775364 844233362
 553966236 932057401
 797602236 902400037
 231859977 601116207
 575903412 614377163
 843706910 901018474
 358157899 456137274
 18204334 646225154
 657813681 678056150
 902362712 963072268
 335117402 382775493
 361193948 542902438
 366045025 393795095
 55103995 507111739
 885454827 942361267
 22363698 149115848
 318196859 499111683
 252937443 514912395
 805196406 814390415
 893687231 939452084
 957725386 992572405
 285908386 617399066
 431283676 662665024
 899714480 915660984
 998196078 999517519
 769950263 841666845
 840826958 964881110
 643754484 781369503
 889394786 958148324
 338926733 762602179
 230260468 629172432
 923743909 945959147
 466672944 606537119
 801814794 978883581
 218834745 758834787
 621811261 811546242
 813999533 894310963
 268174655 992179549
 286408940 885281078
 607401716 838072696
 547021041 832768590
 798223105 853548087
 579426478 615507354
 108610163 587464147
 2178170 184740878
 846546672 898031761
 626770241 644216160
 736976449 865952855
 366465963 982908641
 965700312 992614176
 45135350 799577895
 833377421 923005204
 902595331 962938112
 783351569 811185219
 91224482 249503339
 571112325 931980050
 776103120 985952348
 526734368 783558010
 894297653 979245154
 291209111 581060779
 424809529 818935738
 463078602 868330828
 312291288 316607728
 188576945 873304678
 163815427 622965952
 152785164 443305238
 469898069 935379930
 968688912 977774190
 174199785 229566420
 784016097 803071609
 404604130 819500129
 706620740 855019339
 219678352 959448192
 552175154 702231221
 790893106 875538487
 58639012 796304888
 71593056 743714941
 980988047 985275159
 253243161 538446735
 438803904 934959455
 920185556 941836409
 441268327 882612503
 978828494 984243783
 698684176 991956579
 686330534 785471117
 692373151 742838891
 178781976 751126152
 101654042 540886265
 888958274 954773784
 107966689 811558105
 807206071 972069729
 428229751 894944471
 39208021 79051912
 279706033 623049780
 253786262 837516427
 743296636 811804915
 406294259 906743677
 270232836 967755988
 175149748 697480745
 881312649 972959672
 874911056 949944046
 545724034 848603945
 499588020 866696294
 28558226 109840360
 453837369 646560879
 829655256 967648898
 804455695 892817490
 197910604 322332770
 913527607 923526663
 182319820 477390972
 600401035 716905739
 600990450 670608942
 380756993 887215490
 883054613 947260382
 325411048 593074901
 476696761 566122018
 937027458 939006550
 705095312 791988340
 485152537 801076108
 746058842 957371105
 688038932 718365322
 118318866 310669657
 688657444 907590060
 31222235 157487377
 453565167 742065454
 785880993 824591275
 701351650 767254110
 609746034 919491869
 895291660 941090703
 307259531 822108416
 366412282 632269899
 442995071 582677624
 620131213 771473608
 249566086 802272633
 787308674 829771136
 751080681 879774812
 477029185 599411337
 840134838 856183742
 288628506 289299146
 434367375 435370715
 649823610 818335015
 993822187 998051577
 958894081 966749283
 718073171 730685355
 909409030 976422128
 327926354 978503287
 873095019 973589983
 637963286 914431793
 987062057 988026894
 829536097 958565868
 744999605 888709981
 966383 863749034
 580022543 846657947
 597704977 886571772
 678253164 921354715
 110390587 530130520
 1866906 525971626
 269864991 791277717
 956326390 997758608
 509144979 706251862
 239357145 530990971
 371744602 967953993
 570666606 874042868
 64751836 935366266
 871358099 945216000
 446691340 881395500
 898944164 946635242
 458952003 950134824
 297925753 403936868
 419058252 869974185
 833763021 936765512
 614685127 951822251
 215112410 669236972
 60831798 519866275
 375663145 663708957
 259472127 469576871
 84474063 848410850
 650337164 864238305
 943230860 947415162
 72333305 515915376
 66056146 625878987
 868407609 998192624
 62622461 307524787
 822853758 826857787
 837603877 993379042
 440982304 540831941
 457842408 585059650
 450434179 751447248
 72245777 114980619
 786599269 963498780
 674919625 707839110
 518788998 624087336
 53549329 464424396
 861253606 879668953
 656797688 887964415
 632910409 848660985
 523927531 600789836
 394107952 571247603
 559550092 875231261
 475337966 548533728
 292658969 787616553
 732135521 946426794
 392871994 618827785
 657861918 706579218
 336224471 698735912
 201126595 449572326
 851691376 904865930
 750341589 968054814
 523580385 877417906
 877370684 950373495
 449645803 853846707
 184836157 609168944
 864763109 871858510
 140474523 813393289
 889442872 962608596
 221528213 380863464
 952372470 971469657
 819629468 953813289
 234055101 715531190
 590998512 675103139
 563031056 602619408
 224261656 369696084
 678517198 877162761
 296186904 395500946
 508748476 962127633
 505067266 801180467
 689661815 924821185
 824456843 919710886
 259391379 672391746
 247494657 723171834
 602203935 979251632
 6833444 555085532
 759666597 814005143
 214032901 636943561
 760069328 851205540
 711093737 943058506
 66154135 658841667
 651825448 940662991
 631574151 804452938
 124419155 443100423
 675735625 892553506
 169141731 250705474
 131883675 449712002
 645437443 730975636
 533247830 923276858
 681807947 741278967
 29861090 982104999
 698181798 783607906
 976460689 992546095
 535788577 890388253
 771806928 872064573
 580262277 847393741
 857375086 938332818
 57890720 353685770
 63922588 786282393
 384206828 839310737
 538793121 770233566
 514376094 595084625
 849457558 868493827
 850842935 958664114
 36621995 938654769
 372954165 787867157
 989349294 996783622
 59369794 116097488
 363713731 900314224
 985418797 996829652
 373761411 913199809
 392812312 724781659
 171700485 760539157
 400176403 849817005
 794767828 901588703
 723197086 808764155
 891974933 948358371
 54189904 146535081
 510756734 545661445
 713204454 944055627
 2850248 614497750
 670166648 997143716
 424076254 894395677
 574486642 943064191
 570100090 577396419
 743488989 836925793
 662470778 860467600
 596788827 801153548
 702872779 883365174
 363821719 642133256
 34525873 261184128
 690581228 776610524
 868766272 974486625
 644098877 803383823
 627943241 629913486
 166294809 733479390
 706943988 842634229
 533879143 718626495
 183826519 337337227
 123122076 856058796
 305383956 496245572
 633539467 811358419
 263002290 893087171
 982769827 999380417
 110917020 588187422
 669251518 989015027
 606709803 937242567
 742910036 837152407
 844070658 921696511
 80061092 298276438
 657110821 848384341
 848862093 910580517
 691907749 813935198
 831690443 904441603
 687439785 989700281
 59064541 179927137
 143285604 207593334
 330937745 778828104
 954439743 981545837
 110524610 153324527
 373707321 969862431
 324909229 463531365
 33124745 772269134
 178943657 933998420
 337639610 924658628
 220807586 654527003
 843028306 883307683
 669001404 859046049
 511384092 991168320
 495754064 533790605
 985005787 995153733
 580822630 705780286
 361962324 837029703
 122271827 674629603
 451380265 811859180
 417706691 969517791
 75420098 522808343
 313029637 851848606
 445685726 990629473
 628474530 885013548
 461235356 910379091
 248470324 994054797
 920053717 963652535
 734841820 910981738
 149859995 643482367
 850620357 868903649
 246045382 897405371
 912790216 923960474
 646805882 862420748
 946284295 951445308
 187416086 906650578
 238816657 678078174
 877494261 927597401
 913000083 984303974
 489950976 891350149
 290210983 510690995
 239617603 361258798
 400344049 817675144
 398420576 401495931
 531466183 686207131
 615169996 748297058
 332983811 643632629
 985842602 988922568
 987541368 990128400
 957801475 967829025
 974266948 978551800
 483793619 539450723
 171515664 777135630
 487320898 546529734
 588709281 733637888
 641543328 834607562
 93989542 540994981
 425929274 438468086
 562371602 591006954
 84372822 251329119
 621975521 963822651
 4988157 384082168
 707109819 793300880
 583652988 590384807
 71899989 630241004
 629545138 815457824
 272957083 542742692
 384336951 421849016
 435682165 558088276
 758625369 841376755
 538055326 892043439
 413025440 901316777
 279562839 668818323
 91426773 367878078
 406289456 816795467
 429733977 718191817
 94343052 189349781
 340466776 926290547
 224079206 277113363
 373928251 659955944
 442644880 658228108
 678030119 832091701
 610491198 989978091
 752811958 978508041
 973980473 977240669
 145121503 871020301
 306552424 869723912
 835501556 940970236
 587506233 807804409
 513377465 928950036
 743117070 922010648
 922585052 952358407
 764127272 777191081
 241217159 436870324
 50132498 605740824
 119310754 991537736
 859003604 992476225
 798744310 990703481
 707332901 886761988
 429261950 476858669
 903656777 950609408
 238508655 606476153
 481969735 927060413
 88886094 175340042
 912775848 962698537
 481932582 589146315
 431933218 786678599
 802051910 906884411
 339320618 405237955
 468928538 625644712
 556983603 673407597
 989864305 999801101
 856985809 910268139
 28357301 180322640
 803402949 953373283
 641561484 737867641
 618403428 963382887
 316740977 760287929
 764439259 796342974
 655590339 997278701
 991686885 996221539
 134226196 766702523
 72662253 229581813
 917803979 962221212
 824274777 942277909
 779269558 817531298
 930087833 953234609
 254787154 485532021
 668419227 969466388
 636933415 685468541
 185588834 326979683
 782162092 857461432
 729503101 945210258
 459527279 977024659
 823058889 934887473
 974395022 991750101
 101292932 163038961
 523868414 842530650
 737876716 881623901
 861494987 914107565
 814377479 847808003
 926465816 930801850
 916186601 971104173
 935122231 943308397
 992669047 997869855
 230791936 465513765
 743320966 831775086
 457589132 517981376
 862125476 916487446
 349212382 888045419
 521224239 532695654
 484042515 931383605
 742950538 871972763
 48287062 124170737
 998838188 998886853
 501148352 611839202
 300084900 746239578
 296100588 605966312
 564636591 680368968
 122099134 434897061
 478318114 653974631
 610958237 750726654
 40061515 900256958
 819230243 896056727
 445106763 729285872
 790603532 916185803
 213313932 876952230
 948334648 955378959
 626337724 781544104
 449560476 934009123
 884608608 991787322
 865316055 875807236
 721061471 823208085
 688319337 925251049
 785212407 961953078
 708169765 835740328
 846991196 937716658
 348917594 789881224
 392330623 717386373
 951105036 990000125
 875742294 980051331
 339590689 817742834
 39505591 766804713
 106366410 151585919
 464223875 832327253
 502650054 810228062
 40235758 214337404
 913959283 988477310
 857539527 879951120
 289295818 596633443
 191468431 265100623
 485706560 733118310
 443045236 668960313
 648091139 914387801
 671352207 958595217
 879035269 974341360
 996458846 998180177
 881644630 986854430
 42672390 501074455
 319197809 576555999
 977091901 980267366
 601112235 954021069
 856213318 880177959
 640975990 805152867
 889709917 998112531
 293440998 746579571
 61070296 230705275
 638545019 711976405
 47893543 856122969
 944375725 984001435
 784061781 970753695
 295955839 537916521
 321239416 705419539
 346123478 927128984
 49284801 871390534
 436634580 614077719
 728248022 974971438
 78294068 299490982
 634318456 828245488
 598745945 838529862
 891974841 931804491
 349258416 513171869
 583415065 620064200
 975416940 985149210
 319370165 933568756
 25393932 622898682
 725258242 922230631
 402337248 830647411
 609557571 781619644
 954669162 973914532
 540658650 791927082
 452943406 512230551
 985986664 987698781
 183564971 330714827
 921591087 957591192
 728833434 875187177
 165221356 203553026
 615257618 775250875
 313240430 643578955
 56174021 458198274
 775176718 956838309
 171326882 818824804
 106352841 218248701
 572638833 894725277
 56019355 151991143
 217216469 888032094
 136455429 756282454
 986948952 989085534
 845289583 992367884
 375250651 631360984
 817687327 955646682
 189833291 868159118
 264370054 432747272
 767548393 844999379
 681747215 786511312
 56379990 57958979
 98758971 805876567
 548506149 896847617
 942095047 959443008
 509507147 704719841
 217550954 542709160
 642729800 864995686
 566132921 981036486
 675505825 937120088
 98056063 209460320
 636546093 736863736
 672139123 930783540
 357061273 847171064
 82708680 697845781
 240055601 410809817
 825704690 950735800
 284255161 406563462
 24439279 835314551
 990942117 991346072
 682221220 974976934
 726293285 933271758
 44199029 664426982
 101689523 400752724
 660521740 802248690
 709332917 957487751
 644789087 735052453
 183287680 192668981
 696369706 937217633
 556416332 696385034
 195735093 906409271
 549057635 721413854
 708752420 735512101
 152925115 442191986
 172838173 645523857
 912701981 947344194
 563095284 838841409
 543595014 977673661
 932593060 965097919
 652678823 920261106
 647822581 673542153
 261420140 645801977
 78571665 88091834
 871314644 971158325
 666315965 878166339
 780993203 942268908
 795440496 825749885
 579028626 768700773
 579290009 988967594
 489762383 934449350
 582975523 776402182
 493055152 962772965
 651115432 899335051
 222310473 892108252
 602759932 682603053
 670831376 995916884
 87960218 243693656
 448984576 547560507
 403060464 723271859
 390629038 847841973
 969280753 970001904
 849002987 927648864
 161581586 397251688
 746059605 945144345
 538003987 744904466
 469427594 862762564
 592033521 986247239
 166304547 457385050
 746113292 913163344
 485400524 792163967
 332574552 337359038
 185096380 588350108
 481498427 824845557
 393555791 852743699
 291179030 479731426
 275066804 774729230
 665471999 846343423
 43436836 538123872
 154796663 227113120
 444837561 630339949
 822182017 987007300
 926313751 936713858
 887420640 919875058
 756740363 923165571
 234846348 478165042
 737600248 757586404
 800743027 947441895
 625035417 908177275
 83315085 809792791
 873681333 879272524
 801678100 896562029
 35832689 843322672
 537873130 598991152
 35457905 405687835
 462453130 584749969
 699176542 769257775
 919458599 969544631
 74335335 143524665
 122563786 263364409
 807955977 973310030
 253688715 794956699
 321868922 428133390
 514838073 809644962
 585256132 698284392
 827944633 934962911
 248276339 668641523
 988982567 989396268
 464050192 491300815
 604929790 942113902
 102927006 244861858
 689054484 899492807
 255708251 754524314
 661227418 906700739
 566897893 639983803
 128717258 700436127
 109530984 258724173
 360684438 477213517
 765084275 807745741
 67159649 465251532
 545844111 613349160
 542144205 607121210
 456197041 886144602
 19258740 280383568
 704080931 771277972
 590545855 919012890
 368331942 823860517
 994006540 997821716
 345837480 437692727
 236767417 547700164
 190507113 772206253
 565727608 988034740
 939890266 958719016
 542757460 873533187
 43394747 754511821
 679355227 829950745
 763396407 920251130
 843564760 966742875
 859884192 916839904
 604735818 901115371
 111946082 590360283
 116518424 932026920
 622815332 845995458
 459815250 515393424
 622139784 626858832
 69336760 545273177
 947368776 967363323
 658252980 691720593
 123709556 869771287
 664796191 855468553
 103452196 983069762
 833518260 971301782
 930724491 953088878
 993331703 994545123
 721852652 904944648
 273370019 462458375
 713031307 857880764
 223447556 967707151
 205453109 675964090
 368202735 701534875
 369320507 951377521
 874579752 964900889
 410999268 755299226
 93771185 783329999
 506571639 562181775
 17998601 73102820
 426362590 763871778
 21708397 817910098
 398439517 858696221
 564113212 718360450
 481767379 564595044
 752840081 992725989
 642999983 670967850
 781221111 985935431
 710798328 807407198
 61256962 224781564
 293293067 465402008
 956345437 997120306
 23265407 113556881
 395178799 648478148
 713223229 848641754
 86473198 378102163
 853852808 999040326
 73125326 529090336
 259915701 754910028
 482362248 677890359
 451193909 967578845
 691120903 879519366
 281126648 848634123
 58810786 539469003
 465638263 545007014
 771158454 869684097
 696407413 862285109
 386430653 518965375
 831923549 914430356
 923315794 928138414
 376225244 716554706
 224789003 719136263
 506850849 660951693
 552530081 711067576
 433061521 912134594
 833278334 843539580
 889432531 992014421
 669440102 948993185
 740079141 824014473
 182883810 500567359
 120680350 444477936
 857899013 990376118
 277260175 525736525
 439530785 815733144
 597017101 777809536
 514689183 811968365
 252935446 550233900
 892885655 904867790
 275091519 336435778
 130618989 418455621
 731699227 885865335
 129260311 790362369
 636640235 870739656
 648374425 758898105
 469436361 517233092
 645656733 789100949
 366615975 506985533
 250382828 606114950
 682378715 997829439
 263612167 347312968
 945817614 965985742
 197128972 933048777
 4727006 904418196
 519745771 739560602
 314220250 440629751
 785308895 809823626
 709153017 919204417
 137636935 656785178
 958459822 970904609
 940321258 993146616
 757526942 922749121
 311874147 330654067
 473668936 674700010
 281038725 832977094
 230468904 919711844
 504381221 618043599
 722916103 959739510
 604010696 762659705
 947306084 952449992
 185720185 447805564
 52899596 856569504
 284439361 846149636
 673051883 741694013
 274219145 718212343
 774780662 915663458
 677300715 907792809
 800926108 883571757
 707610435 876666768
 930410158 999457307
 950054119 994842143
 829426596 985538010
 455017975 635508023
 770351749 819607800
 554590761 890323443
 484286511 796902662
 336899764 605739605
 877196309 884670260
 363090084 630699077
 318960286 891171497
 98489445 530977237
 735505971 741931614
 607980358 989354177
 682038273 924630984
 225936557 616087640
 604929639 806824760
 98166587 503520785
 431337238 989896794
 681373016 913199021
 630732204 815847953
 635914388 709846773
 239207666 241969232
 763590596 987839866
 270131282 667542719
 474878441 653376553
 434709715 582985334
 997063347 999373190
 162457032 524051506
 125424192 890643777
 180007784 229739541
 729072163 744686636
 761173727 971092169
 653536262 987335191
 65992069 470955948
 668321567 823390679
 974007590 981840840
 981572343 981701257
 67619914 783602046
 623175138 834046214
 790372039 913366053
 240485714 612588408
 793967762 821674954
 510382758 752309670
 573253911 664222876
 269768954 857312405
 105686133 275434962
 587203356 813245139
 43486852 609910710
 150430667 233479930
 141123274 243493138
 697215390 922009123
 675084487 790357421
 692709752 982455076
 81823365 281570488
 113991487 477394421
 638251917 676513693
 228914631 840160431
 280504359 410608789
 914493721 994770086
 629168068 671910260
 202846679 581016411
 338030377 591904160
 847563005 898625916
 59878688 204990381
 489073380 905380690
 94418571 853060125
 895117495 968865497
 275205588 696836875
 84090732 175726413
 189175417 784716408
 55967761 224817345
 315290104 713937826
 363464101 594117529
 131954073 779105457
 611179587 653864318
 657846484 791313430
 926730196 946277560
 947117877 970846413
 220456292 488046196
 461042130 652110754
 926074387 993031667
 770468824 978239182
 164080783 260027727
 452230494 957967509
 331792425 520101488
 891143691 976481432
 872957659 927816231
 667391258 846300533
 376866525 927495049
 575019265 777207748
 373332477 880229120
 33936191 821984758
 834487595 912809357
 59425035 798372776
 753736231 885821553
 702540610 943697094
 565503270 865408884
 735011245 793570949
 437347394 980183834
 838681836 997812259
 862173601 950717240

